1	11	0	0	0	0	0	
2	11	0	0	0	0	0	
3	11	0	0	0	0	0	
4	11	0	0	0	0	0	
5	11	0	0	0	0	0	
6	11	0	0	0	0	0	
8	11	0	0	0	0	0	
9	11	0	0	0	0	0	
10	11	0	0	0	0	0	
11	11	0	0	0	0	0	
12	11	0	0	0	0	0	
13	11	0	0	0	0	0	
14	11	0	0	0	0	0	
15	11	0	0	0	0	0	
16	11	0	0	0	0	0	
17	7	11	0	0	0	0	
18	7	11	0	0	0	0	
19	2	3	7	11	0	0	
21	11	0	0	0	0	0	
22	11	0	0	0	0	0	
23	11	0	0	0	0	0	
24	11	0	0	0	0	0	
26	11	0	0	0	0	0	
27	11	0	0	0	0	0	
28	11	0	0	0	0	0	
29	7	11	0	0	0	0	
30	7	11	0	0	0	0	
32	7	11	0	0	0	0	
33	11	0	0	0	0	0	
35	11	0	0	0	0	0	
36	11	0	0	0	0	0	
39	11	0	0	0	0	0	
40	11	0	0	0	0	0	
43	11	0	0	0	0	0	
44	11	0	0	0	0	0	
45	11	0	0	0	0	0	
46	11	0	0	0	0	0	
47	11	0	0	0	0	0	
48	11	0	0	0	0	0	
49	11	0	0	0	0	0	
50	11	0	0	0	0	0	
52	7	11	0	0	0	0	
53	11	0	0	0	0	0	
54	7	11	0	0	0	0	
55	11	0	0	0	0	0	
56	11	0	0	0	0	0	
57	11	0	0	0	0	0	
58	2	3	4	7	11	0	
59	11	0	0	0	0	0	
60	11	0	0	0	0	0	
61	7	11	0	0	0	0	
62	11	0	0	0	0	0	
65	11	0	0	0	0	0	
66	11	0	0	0	0	0	
68	11	0	0	0	0	0	
69	11	0	0	0	0	0	
70	11	0	0	0	0	0	
71	11	0	0	0	0	0	
72	11	0	0	0	0	0	
74	7	11	0	0	0	0	
75	11	0	0	0	0	0	
77	11	0	0	0	0	0	
78	11	0	0	0	0	0	
79	11	0	0	0	0	0	
82	11	0	0	0	0	0	
84	11	0	0	0	0	0	
85	11	0	0	0	0	0	
87	11	0	0	0	0	0	
97	11	0	0	0	0	0	
98	11	0	0	0	0	0	
99	11	0	0	0	0	0	
103	11	0	0	0	0	0	
104	11	0	0	0	0	0	
105	11	0	0	0	0	0	
106	11	0	0	0	0	0	
109	11	0	0	0	0	0	
110	11	0	0	0	0	0	
111	7	11	0	0	0	0	
112	11	0	0	0	0	0	
113	11	0	0	0	0	0	
114	11	0	0	0	0	0	
118	11	0	0	0	0	0	
119	11	0	0	0	0	0	
122	11	0	0	0	0	0	
123	11	0	0	0	0	0	
124	11	0	0	0	0	0	
125	11	0	0	0	0	0	
127	11	0	0	0	0	0	
128	11	0	0	0	0	0	
130	11	0	0	0	0	0	
132	11	0	0	0	0	0	
133	11	0	0	0	0	0	
135	11	0	0	0	0	0	
137	11	0	0	0	0	0	
138	11	0	0	0	0	0	
139	11	0	0	0	0	0	
140	11	0	0	0	0	0	
143	11	0	0	0	0	0	
144	11	0	0	0	0	0	
146	11	0	0	0	0	0	
147	11	0	0	0	0	0	
149	11	0	0	0	0	0	
150	11	0	0	0	0	0	
152	11	0	0	0	0	0	
155	11	0	0	0	0	0	
156	11	0	0	0	0	0	
157	11	0	0	0	0	0	
159	11	0	0	0	0	0	
160	11	0	0	0	0	0	
162	11	0	0	0	0	0	
163	11	0	0	0	0	0	
164	11	0	0	0	0	0	
165	11	0	0	0	0	0	
166	11	0	0	0	0	0	
167	11	0	0	0	0	0	
168	11	0	0	0	0	0	
170	7	11	0	0	0	0	
171	11	0	0	0	0	0	
178	11	0	0	0	0	0	
179	11	0	0	0	0	0	
180	11	0	0	0	0	0	
181	2	3	4	5	7	11	
182	11	0	0	0	0	0	
184	11	0	0	0	0	0	
185	11	0	0	0	0	0	
187	7	11	0	0	0	0	
190	11	0	0	0	0	0	
191	11	0	0	0	0	0	
194	11	0	0	0	0	0	
196	11	0	0	0	0	0	
197	11	0	0	0	0	0	
199	11	0	0	0	0	0	
200	11	0	0	0	0	0	
201	11	0	0	0	0	0	
202	11	0	0	0	0	0	
207	11	0	0	0	0	0	
214	11	0	0	0	0	0	
225	11	0	0	0	0	0	
226	11	0	0	0	0	0	
228	11	0	0	0	0	0	
229	11	0	0	0	0	0	
231	11	0	0	0	0	0	
236	11	0	0	0	0	0	
237	11	0	0	0	0	0	
243	7	11	0	0	0	0	
247	11	0	0	0	0	0	
249	11	0	0	0	0	0	
253	7	11	0	0	0	0	
254	11	0	0	0	0	0	
257	2	3	7	11	0	0	
259	11	0	0	0	0	0	
262	11	0	0	0	0	0	
263	11	0	0	0	0	0	
268	11	0	0	0	0	0	
269	7	11	0	0	0	0	
273	11	0	0	0	0	0	
275	11	0	0	0	0	0	
277	11	0	0	0	0	0	
279	11	0	0	0	0	0	
284	11	0	0	0	0	0	
287	11	0	0	0	0	0	
288	11	0	0	0	0	0	
289	11	0	0	0	0	0	
290	11	0	0	0	0	0	
293	11	0	0	0	0	0	
294	11	0	0	0	0	0	
305	11	0	0	0	0	0	
306	11	0	0	0	0	0	
311	11	0	0	0	0	0	
316	11	0	0	0	0	0	
317	11	0	0	0	0	0	
324	11	0	0	0	0	0	
326	11	0	0	0	0	0	
327	11	0	0	0	0	0	
332	11	0	0	0	0	0	
333	11	0	0	0	0	0	
339	11	0	0	0	0	0	
342	11	0	0	0	0	0	
343	11	0	0	0	0	0	
348	11	0	0	0	0	0	
349	11	0	0	0	0	0	
355	11	0	0	0	0	0	
358	11	0	0	0	0	0	
360	11	0	0	0	0	0	
361	11	0	0	0	0	0	
365	11	0	0	0	0	0	
366	11	0	0	0	0	0	
368	11	0	0	0	0	0	
370	11	0	0	0	0	0	
371	11	0	0	0	0	0	
373	11	0	0	0	0	0	
376	11	0	0	0	0	0	
378	11	0	0	0	0	0	
381	11	0	0	0	0	0	
383	11	0	0	0	0	0	
384	11	0	0	0	0	0	
385	11	0	0	0	0	0	
389	11	0	0	0	0	0	
393	11	0	0	0	0	0	
396	11	0	0	0	0	0	
397	11	0	0	0	0	0	
400	11	0	0	0	0	0	
401	11	0	0	0	0	0	
402	11	0	0	0	0	0	
404	11	0	0	0	0	0	
405	11	0	0	0	0	0	
409	11	0	0	0	0	0	
412	11	0	0	0	0	0	
416	11	0	0	0	0	0	
419	11	0	0	0	0	0	
422	11	0	0	0	0	0	
423	11	0	0	0	0	0	
426	11	0	0	0	0	0	
428	11	0	0	0	0	0	
431	11	0	0	0	0	0	
435	11	0	0	0	0	0	
436	11	0	0	0	0	0	
437	7	11	0	0	0	0	
438	11	0	0	0	0	0	
444	11	0	0	0	0	0	
449	11	0	0	0	0	0	
451	11	0	0	0	0	0	
452	11	0	0	0	0	0	
453	11	0	0	0	0	0	
455	11	0	0	0	0	0	
460	11	0	0	0	0	0	
462	11	0	0	0	0	0	
464	11	0	0	0	0	0	
465	11	0	0	0	0	0	
470	11	0	0	0	0	0	
473	11	0	0	0	0	0	
474	11	0	0	0	0	0	
478	11	0	0	0	0	0	
481	11	0	0	0	0	0	
482	11	0	0	0	0	0	
484	11	0	0	0	0	0	
485	11	0	0	0	0	0	
488	11	0	0	0	0	0	
490	11	0	0	0	0	0	
495	11	0	0	0	0	0	
496	11	0	0	0	0	0	
498	11	0	0	0	0	0	
499	11	0	0	0	0	0	
521	11	0	0	0	0	0	
523	11	0	0	0	0	0	
526	11	0	0	0	0	0	
530	11	0	0	0	0	0	
531	7	11	0	0	0	0	
532	11	29	0	0	0	0	
533	11	29	0	0	0	0	
537	11	29	0	0	0	0	
539	11	29	0	0	0	0	
545	11	29	0	0	0	0	
548	11	29	0	0	0	0	
551	11	29	0	0	0	0	
552	11	29	0	0	0	0	
557	11	29	0	0	0	0	
565	11	29	0	0	0	0	
567	11	29	0	0	0	0	
580	11	29	0	0	0	0	
581	11	29	0	0	0	0	
586	11	29	0	0	0	0	
592	11	29	0	0	0	0	
594	11	29	0	0	0	0	
602	11	29	0	0	0	0	
603	11	29	0	0	0	0	
605	11	29	0	0	0	0	
613	11	29	0	0	0	0	
621	11	29	0	0	0	0	
622	11	29	0	0	0	0	
631	11	29	0	0	0	0	
637	11	29	0	0	0	0	
662	11	29	0	0	0	0	
663	11	29	0	0	0	0	
677	11	29	0	0	0	0	
699	11	29	0	0	0	0	
703	11	29	0	0	0	0	
724	11	29	0	0	0	0	
740	11	29	0	0	0	0	
745	11	29	0	0	0	0	
746	11	29	0	0	0	0	
747	11	29	0	0	0	0	
754	11	29	0	0	0	0	
757	11	29	0	0	0	0	
760	11	29	0	0	0	0	
766	11	29	0	0	0	0	
768	11	29	0	0	0	0	
770	11	29	0	0	0	0	
771	11	29	0	0	0	0	
773	11	29	0	0	0	0	
775	11	29	0	0	0	0	
778	11	29	0	0	0	0	
787	11	29	0	0	0	0	
796	11	29	0	0	0	0	
797	11	29	0	0	0	0	
803	11	29	0	0	0	0	
822	11	29	0	0	0	0	
823	11	29	0	0	0	0	
827	11	29	0	0	0	0	
833	11	29	0	0	0	0	
837	11	29	0	0	0	0	
854	11	29	0	0	0	0	
858	11	29	0	0	0	0	
859	11	29	0	0	0	0	
860	11	29	0	0	0	0	
864	11	29	0	0	0	0	
870	11	29	0	0	0	0	
871	11	29	0	0	0	0	
882	11	29	0	0	0	0	
885	11	29	0	0	0	0	
887	11	29	0	0	0	0	
895	11	29	0	0	0	0	
915	11	29	0	0	0	0	
924	11	29	0	0	0	0	
926	11	29	0	0	0	0	
942	11	29	0	0	0	0	
945	11	29	0	0	0	0	
950	11	29	0	0	0	0	
955	11	29	0	0	0	0	
956	11	29	0	0	0	0	
959	11	29	0	0	0	0	
961	11	29	0	0	0	0	
992	11	29	0	0	0	0	
995	11	29	0	0	0	0	
999	11	29	0	0	0	0	
1009	11	29	0	0	0	0	
1013	11	29	0	0	0	0	
1016	11	29	0	0	0	0	
1017	11	29	0	0	0	0	
1024	11	29	0	0	0	0	
1042	11	29	0	0	0	0	
1060	11	29	0	0	0	0	
1069	11	29	0	0	0	0	
1070	11	29	0	0	0	0	
1072	11	29	0	0	0	0	
1073	11	29	0	0	0	0	
1075	11	29	0	0	0	0	
1083	11	29	0	0	0	0	
1088	11	29	0	0	0	0	
1093	11	29	0	0	0	0	
1099	11	29	0	0	0	0	
1101	11	29	0	0	0	0	
1103	11	29	0	0	0	0	
1104	11	29	0	0	0	0	
1120	11	29	0	0	0	0	
1124	11	29	0	0	0	0	
1126	11	29	0	0	0	0	
1131	11	29	0	0	0	0	
1135	11	29	0	0	0	0	
1136	11	29	0	0	0	0	
1145	11	29	0	0	0	0	
1147	11	29	0	0	0	0	
1148	11	29	0	0	0	0	
1153	11	29	0	0	0	0	
1163	11	29	0	0	0	0	
1168	11	29	0	0	0	0	
1177	11	29	0	0	0	0	
1178	11	29	0	0	0	0	
1185	11	29	0	0	0	0	
1188	11	29	0	0	0	0	
1192	11	29	0	0	0	0	
1193	11	29	0	0	0	0	
1197	11	29	0	0	0	0	
1209	11	29	0	0	0	0	
1218	11	29	0	0	0	0	
1224	11	29	0	0	0	0	
1238	11	29	0	0	0	0	
1241	11	29	0	0	0	0	
1253	11	29	0	0	0	0	
1254	11	29	0	0	0	0	
1266	11	29	0	0	0	0	
1270	11	29	0	0	0	0	
1277	11	29	0	0	0	0	
1289	11	29	0	0	0	0	
1291	11	29	0	0	0	0	
1298	11	29	0	0	0	0	
1299	11	29	0	0	0	0	
1301	11	29	0	0	0	0	
1309	11	29	0	0	0	0	
1310	11	29	0	0	0	0	
1325	11	29	0	0	0	0	
1330	11	29	0	0	0	0	
1334	11	29	0	0	0	0	
1341	11	29	0	0	0	0	
1360	11	29	0	0	0	0	
1367	11	29	0	0	0	0	
1373	11	29	0	0	0	0	
1374	11	29	0	0	0	0	
1389	11	29	0	0	0	0	
1391	11	29	0	0	0	0	
1393	11	29	0	0	0	0	
1394	11	29	0	0	0	0	
1407	11	29	0	0	0	0	
1408	11	29	0	0	0	0	
1413	11	29	0	0	0	0	
1418	11	29	0	0	0	0	
1424	11	29	0	0	0	0	
1428	11	29	0	0	0	0	
1429	11	29	0	0	0	0	
1433	11	29	0	0	0	0	
1435	11	29	0	0	0	0	
1436	11	29	0	0	0	0	
1441	11	29	0	0	0	0	
1466	11	29	0	0	0	0	
1475	11	29	0	0	0	0	
1478	11	29	0	0	0	0	
1483	11	29	0	0	0	0	
1484	11	29	0	0	0	0	
1488	11	29	0	0	0	0	
1505	11	29	0	0	0	0	
1508	11	29	0	0	0	0	
1511	11	29	0	0	0	0	
1512	11	29	0	0	0	0	
1513	11	29	0	0	0	0	
1518	11	29	0	0	0	0	
1526	11	29	0	0	0	0	
1528	11	29	0	0	0	0	
1532	11	29	0	0	0	0	
1535	11	29	0	0	0	0	
1556	11	29	0	0	0	0	
1558	11	29	0	0	0	0	
1564	11	29	0	0	0	0	
1565	11	29	0	0	0	0	
1570	11	29	0	0	0	0	
1571	11	29	0	0	0	0	
1573	11	29	0	0	0	0	
1588	11	29	0	0	0	0	
1594	11	29	0	0	0	0	
1600	11	29	0	0	0	0	
1606	11	29	0	0	0	0	
1613	11	29	0	0	0	0	
1614	11	29	0	0	0	0	
1621	11	29	0	0	0	0	
1622	11	29	0	0	0	0	
1627	11	29	0	0	0	0	
1635	11	29	0	0	0	0	
1658	11	29	0	0	0	0	
1663	11	29	0	0	0	0	
1664	11	29	0	0	0	0	
1675	11	29	0	0	0	0	
1688	11	29	0	0	0	0	
1697	11	29	0	0	0	0	
1710	11	29	0	0	0	0	
1713	11	29	0	0	0	0	
1718	11	29	0	0	0	0	
1722	11	29	0	0	0	0	
1723	11	29	0	0	0	0	
1724	11	29	0	0	0	0	
1728	11	29	0	0	0	0	
1733	11	29	0	0	0	0	
1734	11	29	0	0	0	0	
1735	11	29	0	0	0	0	
1738	11	29	0	0	0	0	
1744	11	29	0	0	0	0	
1745	11	29	0	0	0	0	
1747	11	29	0	0	0	0	
1749	11	29	0	0	0	0	
1753	11	29	0	0	0	0	
1755	11	29	0	0	0	0	
1764	11	29	0	0	0	0	
1765	11	29	0	0	0	0	
1779	11	29	0	0	0	0	
1793	11	29	0	0	0	0	
1797	11	29	0	0	0	0	
1804	11	29	0	0	0	0	
1811	11	29	0	0	0	0	
1813	11	29	0	0	0	0	
1814	11	29	0	0	0	0	
1818	11	29	0	0	0	0	
1840	11	29	0	0	0	0	
1848	11	29	0	0	0	0	
1854	11	29	0	0	0	0	
1858	11	29	0	0	0	0	
1862	11	29	0	0	0	0	
1876	11	29	0	0	0	0	
1890	11	29	0	0	0	0	
1897	11	29	0	0	0	0	
1903	11	29	0	0	0	0	
1904	11	29	0	0	0	0	
1912	11	29	0	0	0	0	
1925	11	29	0	0	0	0	
1932	11	29	0	0	0	0	
1941	11	29	0	0	0	0	
1942	11	29	0	0	0	0	
1955	11	29	0	0	0	0	
1957	11	29	0	0	0	0	
1961	11	29	0	0	0	0	
1962	11	29	0	0	0	0	
1964	11	29	0	0	0	0	
1974	11	29	0	0	0	0	
1984	11	29	0	0	0	0	
1993	11	29	0	0	0	0	
2007	11	29	0	0	0	0	
2011	11	29	0	0	0	0	
2012	11	29	0	0	0	0	
2015	11	29	0	0	0	0	
2023	11	29	0	0	0	0	
2029	11	29	0	0	0	0	
2033	11	29	0	0	0	0	
2035	11	29	0	0	0	0	
2036	11	29	0	0	0	0	
2037	11	29	0	0	0	0	
2048	11	29	0	0	0	0	
2049	11	29	0	0	0	0	
2051	11	29	0	0	0	0	
2055	11	29	0	0	0	0	
2057	11	29	0	0	0	0	
2058	11	29	0	0	0	0	
2062	11	29	0	0	0	0	
2071	11	29	0	0	0	0	
2072	11	29	0	0	0	0	
2082	11	29	0	0	0	0	
2093	11	29	0	0	0	0	
2097	11	29	0	0	0	0	
2100	11	29	0	0	0	0	
2106	11	29	0	0	0	0	
2113	11	29	0	0	0	0	
2114	11	29	0	0	0	0	
2123	11	29	0	0	0	0	
2133	11	29	0	0	0	0	
2134	11	29	0	0	0	0	
2144	11	29	0	0	0	0	
2148	11	29	0	0	0	0	
2152	11	29	0	0	0	0	
2153	11	29	0	0	0	0	
2166	11	29	0	0	0	0	
2169	11	29	0	0	0	0	
2170	11	29	0	0	0	0	
2173	11	29	0	0	0	0	
2180	11	29	0	0	0	0	
2186	11	29	0	0	0	0	
2187	11	29	0	0	0	0	
2188	11	29	0	0	0	0	
2192	11	29	0	0	0	0	
2200	11	29	0	0	0	0	
2202	11	29	0	0	0	0	
2213	11	29	0	0	0	0	
2218	11	29	0	0	0	0	
2225	11	29	0	0	0	0	
2228	11	29	0	0	0	0	
2233	11	29	0	0	0	0	
2241	11	29	0	0	0	0	
2245	11	29	0	0	0	0	
2255	11	29	0	0	0	0	
2264	11	29	0	0	0	0	
2274	11	29	0	0	0	0	
2283	11	29	0	0	0	0	
2288	11	29	0	0	0	0	
2289	11	29	0	0	0	0	
2297	11	29	0	0	0	0	
2301	11	29	0	0	0	0	
2309	11	29	0	0	0	0	
2317	11	29	0	0	0	0	
2325	11	29	0	0	0	0	
2330	11	29	0	0	0	0	
2337	11	29	0	0	0	0	
2338	11	29	0	0	0	0	
2343	11	29	0	0	0	0	
2346	11	29	0	0	0	0	
2350	11	29	0	0	0	0	
2357	11	29	0	0	0	0	
2359	11	29	0	0	0	0	
2360	11	29	0	0	0	0	
2368	11	29	0	0	0	0	
2381	11	29	0	0	0	0	
2386	11	29	0	0	0	0	
2392	11	29	0	0	0	0	
2395	11	29	0	0	0	0	
2396	11	29	0	0	0	0	
2410	11	29	0	0	0	0	
2411	11	29	0	0	0	0	
2412	11	29	0	0	0	0	
2415	11	29	0	0	0	0	
2420	11	29	0	0	0	0	
2421	11	29	0	0	0	0	
2425	11	29	0	0	0	0	
2427	11	29	0	0	0	0	
2435	11	29	0	0	0	0	
2436	11	29	0	0	0	0	
2437	11	29	0	0	0	0	
2438	11	29	0	0	0	0	
2448	11	29	0	0	0	0	
2450	11	29	0	0	0	0	
2453	11	29	0	0	0	0	
2454	11	29	0	0	0	0	
2461	11	29	0	0	0	0	
2463	11	29	0	0	0	0	
2467	11	29	0	0	0	0	
2474	11	29	0	0	0	0	
2478	11	29	0	0	0	0	
2484	11	29	0	0	0	0	
2503	11	29	0	0	0	0	
2504	11	29	0	0	0	0	
2509	11	29	0	0	0	0	
2512	11	29	0	0	0	0	
2516	11	29	0	0	0	0	
2517	11	29	0	0	0	0	
2620	0	0	0	0	0	0	
2631	0	0	0	0	0	0	
2647	0	0	0	0	0	0	
2711	0	0	0	0	0	0	
2715	0	0	0	0	0	0	
2724	0	0	0	0	0	0	
3308	29	0	0	0	0	0	
3309	29	0	0	0	0	0	
3311	29	0	0	0	0	0	
3313	29	0	0	0	0	0	
3316	29	0	0	0	0	0	
3317	29	0	0	0	0	0	
3318	29	0	0	0	0	0	
3319	29	0	0	0	0	0	
3320	29	0	0	0	0	0	
3321	29	0	0	0	0	0	
3322	29	0	0	0	0	0	
3323	29	0	0	0	0	0	
3324	29	0	0	0	0	0	
3325	29	0	0	0	0	0	
3326	29	0	0	0	0	0	
3327	29	0	0	0	0	0	
3328	29	0	0	0	0	0	
3331	29	0	0	0	0	0	
3333	29	0	0	0	0	0	
3532	7	0	0	0	0	0	
5347	0	0	0	0	0	0	
5419	0	0	0	0	0	0	
5432	0	0	0	0	0	0	
5530	0	0	0	0	0	0	
6077	0	0	0	0	0	0	
11267	0	0	0	0	0	0	
12724	0	0	0	0	0	0	
13370	0	0	0	0	0	0	
13736	0	0	0	0	0	0	
13785	0	0	0	0	0	0	
13823	0	0	0	0	0	0	
13963	0	0	0	0	0	0	
14203	0	0	0	0	0	0	
14517	0	0	0	0	0	0	
14518	0	0	0	0	0	0	
14530	0	0	0	0	0	0	
14542	0	0	0	0	0	0	
14550	0	0	0	0	0	0	
14554	0	0	0	0	0	0	
14560	0	0	0	0	0	0	
14571	0	0	0	0	0	0	
14587	0	0	0	0	0	0	
14594	0	0	0	0	0	0	
14600	0	0	0	0	0	0	
14603	0	0	0	0	0	0	
14604	0	0	0	0	0	0	
14691	0	0	0	0	0	0	
14785	0	0	0	0	0	0	
14913	0	0	0	0	0	0	
15657	0	0	0	0	0	0	
15980	0	0	0	0	0	0	
16095	0	0	0	0	0	0	
16129	0	0	0	0	0	0	
16140	0	0	0	0	0	0	
16575	0	0	0	0	0	0	
17376	0	0	0	0	0	0	
17437	0	0	0	0	0	0	
17896	0	0	0	0	0	0	
17907	0	0	0	0	0	0	
18053	0	0	0	0	0	0	
18124	0	0	0	0	0	0	
18128	0	0	0	0	0	0	
18252	7	0	0	0	0	0	
18358	0	0	0	0	0	0	
18635	0	0	0	0	0	0	
18743	0	0	0	0	0	0	
19207	0	0	0	0	0	0	
19544	0	0	0	0	0	0	
19681	0	0	0	0	0	0	
19841	0	0	0	0	0	0	
21350	0	0	0	0	0	0	
22315	0	0	0	0	0	0	
22354	0	0	0	0	0	0	
23590	0	0	0	0	0	0	
44331	0	0	0	0	0	0	
44333	0	0	0	0	0	0	
60233	11	0	0	0	0	0	
60234	11	0	0	0	0	0	
60235	11	0	0	0	0	0	
60236	11	0	0	0	0	0	
60237	11	0	0	0	0	0	
60238	11	0	0	0	0	0	
60239	11	0	0	0	0	0	
60240	11	0	0	0	0	0	
60241	11	0	0	0	0	0	
60242	11	0	0	0	0	0	
60243	7	11	0	0	0	0	
60244	11	0	0	0	0	0	
60245	11	0	0	0	0	0	
60246	11	0	0	0	0	0	
60247	11	0	0	0	0	0	
60248	11	0	0	0	0	0	
60249	11	0	0	0	0	0	
60250	2	3	4	7	11	0	
60251	7	11	0	0	0	0	
60252	11	0	0	0	0	0	
60253	11	0	0	0	0	0	
60254	7	11	0	0	0	0	
60255	11	0	0	0	0	0	
60256	11	0	0	0	0	0	
60257	7	11	0	0	0	0	
60258	11	0	0	0	0	0	
60259	11	0	0	0	0	0	
60260	11	0	0	0	0	0	
60261	7	11	0	0	0	0	
60262	11	0	0	0	0	0	
60263	11	0	0	0	0	0	
60264	11	0	0	0	0	0	
60265	11	0	0	0	0	0	
60266	7	11	0	0	0	0	
60267	11	0	0	0	0	0	
60268	7	11	0	0	0	0	
60269	11	0	0	0	0	0	
60270	7	11	0	0	0	0	
60271	11	0	0	0	0	0	
60272	11	0	0	0	0	0	
60273	11	0	0	0	0	0	
60274	11	0	0	0	0	0	
60275	7	11	0	0	0	0	
60276	11	0	0	0	0	0	
60277	7	11	0	0	0	0	
60278	11	0	0	0	0	0	
60279	11	0	0	0	0	0	
60280	11	0	0	0	0	0	
60281	11	0	0	0	0	0	
60282	11	0	0	0	0	0	
60283	7	11	0	0	0	0	
60284	11	0	0	0	0	0	
60285	11	0	0	0	0	0	
60286	11	0	0	0	0	0	
60287	7	11	0	0	0	0	
60288	11	0	0	0	0	0	
60289	7	11	0	0	0	0	
60290	2	7	11	0	0	0	
60291	7	11	0	0	0	0	
60292	11	0	0	0	0	0	
60293	7	11	0	0	0	0	
60294	2	7	11	0	0	0	
60295	11	0	0	0	0	0	
60296	2	3	4	7	11	0	
60297	11	0	0	0	0	0	
60298	7	11	0	0	0	0	
60299	11	0	0	0	0	0	
60300	11	0	0	0	0	0	
60301	11	0	0	0	0	0	
60302	11	0	0	0	0	0	
60303	2	3	7	11	0	0	
60304	11	0	0	0	0	0	
60305	11	0	0	0	0	0	
60306	2	7	11	0	0	0	
60307	11	0	0	0	0	0	
60308	11	0	0	0	0	0	
60309	7	11	0	0	0	0	
60310	11	0	0	0	0	0	
60311	11	0	0	0	0	0	
60312	7	11	0	0	0	0	
60313	7	11	0	0	0	0	
60314	11	0	0	0	0	0	
60315	7	11	0	0	0	0	
60316	11	0	0	0	0	0	
60317	11	0	0	0	0	0	
60318	2	7	11	0	0	0	
60319	2	3	4	7	11	0	
60320	11	0	0	0	0	0	
60321	11	0	0	0	0	0	
60322	11	0	0	0	0	0	
60323	7	11	0	0	0	0	
60324	11	0	0	0	0	0	
60325	11	0	0	0	0	0	
60326	11	0	0	0	0	0	
60327	7	11	0	0	0	0	
60328	2	7	11	0	0	0	
60329	11	0	0	0	0	0	
60330	11	0	0	0	0	0	
60331	2	11	0	0	0	0	
60332	2	7	11	0	0	0	
60333	11	0	0	0	0	0	
60334	2	11	0	0	0	0	
60335	11	0	0	0	0	0	
60336	11	0	0	0	0	0	
60337	11	0	0	0	0	0	
60338	11	0	0	0	0	0	
60339	11	0	0	0	0	0	
60340	11	0	0	0	0	0	
60341	11	0	0	0	0	0	
60342	11	0	0	0	0	0	
60343	2	3	4	7	11	0	
60343	2	3	4	7	11	0	
60344	2	3	7	11	0	0	
60345	11	0	0	0	0	0	
60346	11	0	0	0	0	0	
60347	11	0	0	0	0	0	
60348	2	3	4	7	11	0	
60349	11	0	0	0	0	0	
60350	2	3	7	11	0	0	
60351	11	0	0	0	0	0	
60352	11	0	0	0	0	0	
60353	11	0	0	0	0	0	
60354	11	0	0	0	0	0	
60355	11	0	0	0	0	0	
60356	11	0	0	0	0	0	
60357	7	11	0	0	0	0	
60358	11	0	0	0	0	0	
60359	11	0	0	0	0	0	
60360	11	0	0	0	0	0	
60361	11	0	0	0	0	0	
60362	11	0	0	0	0	0	
60363	7	11	0	0	0	0	
60364	2	3	11	0	0	0	
60365	11	0	0	0	0	0	
60366	2	7	11	0	0	0	
60367	11	0	0	0	0	0	
60368	11	0	0	0	0	0	
60369	11	0	0	0	0	0	
60370	11	0	0	0	0	0	
60371	11	0	0	0	0	0	
60372	11	0	0	0	0	0	
60373	7	11	0	0	0	0	
60374	11	0	0	0	0	0	
60375	7	11	0	0	0	0	
60376	7	11	0	0	0	0	
60377	7	11	0	0	0	0	
60378	11	0	0	0	0	0	
60379	11	0	0	0	0	0	
60380	11	0	0	0	0	0	
60381	7	11	0	0	0	0	
60382	2	3	11	0	0	0	
60383	11	0	0	0	0	0	
60384	11	0	0	0	0	0	
60385	11	0	0	0	0	0	
60386	11	0	0	0	0	0	
60387	2	3	7	11	0	0	
60388	11	0	0	0	0	0	
60389	7	11	0	0	0	0	
60390	11	0	0	0	0	0	
60391	7	11	0	0	0	0	
60392	7	11	0	0	0	0	
60393	11	0	0	0	0	0	
60394	11	0	0	0	0	0	
60395	11	0	0	0	0	0	
60396	11	0	0	0	0	0	
60397	2	7	11	0	0	0	
60398	11	0	0	0	0	0	
60399	11	0	0	0	0	0	
60400	7	11	0	0	0	0	
60401	11	0	0	0	0	0	
60402	2	7	11	0	0	0	
60403	11	0	0	0	0	0	
60404	11	0	0	0	0	0	
60405	7	11	0	0	0	0	
60406	11	0	0	0	0	0	
60407	11	0	0	0	0	0	
60408	7	11	0	0	0	0	
60409	11	0	0	0	0	0	
60410	11	0	0	0	0	0	
60411	2	11	0	0	0	0	
60412	11	0	0	0	0	0	
60413	7	11	0	0	0	0	
60414	11	0	0	0	0	0	
60415	11	0	0	0	0	0	
60416	11	0	0	0	0	0	
60417	11	0	0	0	0	0	
60418	7	11	0	0	0	0	
60419	11	0	0	0	0	0	
60420	2	11	0	0	0	0	
60421	2	3	7	11	0	0	
60422	2	7	11	0	0	0	
60423	7	11	0	0	0	0	
60424	2	11	0	0	0	0	
60425	7	11	0	0	0	0	
60426	2	11	0	0	0	0	
60427	7	11	0	0	0	0	
60428	11	0	0	0	0	0	
60429	11	0	0	0	0	0	
60430	11	0	0	0	0	0	
60431	7	11	0	0	0	0	
60432	7	11	0	0	0	0	
60433	2	7	11	0	0	0	
60434	2	7	11	0	0	0	
60435	11	0	0	0	0	0	
60436	11	0	0	0	0	0	
60437	11	0	0	0	0	0	
60438	11	0	0	0	0	0	
60439	7	11	0	0	0	0	
60440	11	0	0	0	0	0	
60441	2	11	0	0	0	0	
60442	11	0	0	0	0	0	
60443	11	0	0	0	0	0	
60444	11	0	0	0	0	0	
60445	2	11	0	0	0	0	
60446	11	0	0	0	0	0	
60447	11	0	0	0	0	0	
60448	11	0	0	0	0	0	
60449	7	11	0	0	0	0	
60450	11	0	0	0	0	0	
60451	2	11	0	0	0	0	
60452	11	0	0	0	0	0	
60453	7	11	0	0	0	0	
60454	11	0	0	0	0	0	
60455	11	0	0	0	0	0	
60456	7	11	0	0	0	0	
60457	7	11	0	0	0	0	
60458	2	7	11	0	0	0	
60459	11	0	0	0	0	0	
60460	11	0	0	0	0	0	
60461	2	7	11	0	0	0	
60462	11	0	0	0	0	0	
60463	11	0	0	0	0	0	
60464	11	0	0	0	0	0	
60465	2	3	4	7	11	0	
60466	2	7	11	0	0	0	
60467	7	11	0	0	0	0	
60468	11	0	0	0	0	0	
60469	11	0	0	0	0	0	
60470	2	11	0	0	0	0	
60471	11	0	0	0	0	0	
60472	11	0	0	0	0	0	
60473	7	11	0	0	0	0	
60474	7	11	0	0	0	0	
60475	2	11	0	0	0	0	
60476	7	11	0	0	0	0	
60477	11	0	0	0	0	0	
60478	11	0	0	0	0	0	
60479	7	11	0	0	0	0	
60480	11	0	0	0	0	0	
60481	7	11	0	0	0	0	
60482	11	0	0	0	0	0	
60483	2	7	11	0	0	0	
60484	11	0	0	0	0	0	
60485	7	11	0	0	0	0	
60486	11	0	0	0	0	0	
60487	11	0	0	0	0	0	
60488	7	11	0	0	0	0	
60489	11	0	0	0	0	0	
60490	11	0	0	0	0	0	
60491	7	11	0	0	0	0	
60492	11	0	0	0	0	0	
60493	7	11	0	0	0	0	
60494	7	11	0	0	0	0	
60495	11	0	0	0	0	0	
60496	7	11	0	0	0	0	
60497	11	0	0	0	0	0	
60498	2	11	0	0	0	0	
60499	11	0	0	0	0	0	
60500	2	7	11	0	0	0	
60501	2	11	0	0	0	0	
60502	2	3	4	7	11	0	
60503	11	0	0	0	0	0	
60504	7	11	0	0	0	0	
60505	7	11	0	0	0	0	
60506	7	11	0	0	0	0	
60507	11	0	0	0	0	0	
60508	7	11	0	0	0	0	
60509	7	11	0	0	0	0	
60510	11	0	0	0	0	0	
60511	11	0	0	0	0	0	
60512	11	0	0	0	0	0	
60513	11	0	0	0	0	0	
60514	2	3	4	11	0	0	
60515	7	11	0	0	0	0	
60516	11	0	0	0	0	0	
60517	11	0	0	0	0	0	
60518	11	0	0	0	0	0	
60519	7	11	0	0	0	0	
60520	2	11	0	0	0	0	
60521	11	0	0	0	0	0	
60522	7	11	0	0	0	0	
60523	11	0	0	0	0	0	
60524	11	0	0	0	0	0	
60525	11	0	0	0	0	0	
60526	11	0	0	0	0	0	
60527	11	0	0	0	0	0	
60528	7	11	0	0	0	0	
60529	11	0	0	0	0	0	
60530	11	0	0	0	0	0	
60531	7	11	0	0	0	0	
60532	2	7	11	0	0	0	
60532	2	7	11	0	0	0	
60533	2	7	11	0	0	0	
60534	7	11	0	0	0	0	
60535	11	0	0	0	0	0	
60536	11	0	0	0	0	0	
60537	7	11	0	0	0	0	
60538	7	11	0	0	0	0	
60539	11	0	0	0	0	0	
60540	2	11	0	0	0	0	
60541	7	11	0	0	0	0	
60542	2	7	11	0	0	0	
60543	11	0	0	0	0	0	
60544	11	0	0	0	0	0	
60545	2	7	11	0	0	0	
60546	2	7	11	0	0	0	
60547	7	11	0	0	0	0	
60548	11	0	0	0	0	0	
60549	11	0	0	0	0	0	
60550	11	0	0	0	0	0	
60551	2	7	11	0	0	0	
60552	11	0	0	0	0	0	
60553	11	0	0	0	0	0	
60554	2	7	11	0	0	0	
60555	11	0	0	0	0	0	
60556	7	11	0	0	0	0	
60557	2	7	11	0	0	0	
60558	11	0	0	0	0	0	
60559	7	11	0	0	0	0	
60560	2	7	11	0	0	0	
60561	11	0	0	0	0	0	
60562	11	0	0	0	0	0	
60563	2	11	0	0	0	0	
60564	7	11	0	0	0	0	
60565	7	11	0	0	0	0	
60566	11	0	0	0	0	0	
60567	7	11	0	0	0	0	
60568	7	11	0	0	0	0	
60569	11	0	0	0	0	0	
60570	11	0	0	0	0	0	
60571	7	11	0	0	0	0	
60572	11	0	0	0	0	0	
60573	11	0	0	0	0	0	
60574	7	11	0	0	0	0	
60575	11	0	0	0	0	0	
60576	11	0	0	0	0	0	
60577	7	11	0	0	0	0	
60578	11	0	0	0	0	0	
60579	11	0	0	0	0	0	
60580	7	11	0	0	0	0	
60581	7	11	0	0	0	0	
60582	7	11	0	0	0	0	
60583	11	0	0	0	0	0	
60584	7	11	0	0	0	0	
60585	11	0	0	0	0	0	
60586	11	0	0	0	0	0	
60587	11	0	0	0	0	0	
60588	11	0	0	0	0	0	
60589	7	11	0	0	0	0	
60590	2	7	11	0	0	0	
60591	7	11	0	0	0	0	
60592	11	0	0	0	0	0	
60593	7	11	0	0	0	0	
60594	7	11	0	0	0	0	
60595	2	7	11	0	0	0	
60596	11	0	0	0	0	0	
60597	2	7	11	0	0	0	
60598	11	0	0	0	0	0	
60599	7	11	0	0	0	0	
60600	11	0	0	0	0	0	
60601	11	0	0	0	0	0	
60602	11	0	0	0	0	0	
60603	11	0	0	0	0	0	
60604	2	11	0	0	0	0	
60605	2	3	11	0	0	0	
60606	7	11	0	0	0	0	
60607	7	11	0	0	0	0	
60608	11	0	0	0	0	0	
60609	11	0	0	0	0	0	
60610	11	0	0	0	0	0	
60611	11	0	0	0	0	0	
60612	2	3	7	11	0	0	
60613	2	7	11	0	0	0	
60614	11	0	0	0	0	0	
60615	7	11	0	0	0	0	
60616	7	11	0	0	0	0	
60617	2	7	11	0	0	0	
60617	2	7	11	0	0	0	
60618	2	3	7	11	0	0	
60619	7	11	0	0	0	0	
60620	11	0	0	0	0	0	
60621	11	0	0	0	0	0	
60622	7	11	0	0	0	0	
60623	11	0	0	0	0	0	
60624	7	11	0	0	0	0	
60625	7	11	0	0	0	0	
60626	7	11	0	0	0	0	
60627	2	7	11	0	0	0	
60628	11	0	0	0	0	0	
60629	2	7	11	0	0	0	
60630	7	11	0	0	0	0	
60631	11	0	0	0	0	0	
60632	11	0	0	0	0	0	
60633	2	11	0	0	0	0	
60634	11	0	0	0	0	0	
60635	11	0	0	0	0	0	
60636	7	11	0	0	0	0	
60637	2	7	11	0	0	0	
60638	7	11	0	0	0	0	
60639	7	11	0	0	0	0	
60640	11	0	0	0	0	0	
60641	7	11	0	0	0	0	
60642	11	0	0	0	0	0	
60643	2	11	0	0	0	0	
60644	7	11	0	0	0	0	
60645	7	11	0	0	0	0	
60646	7	11	0	0	0	0	
60647	11	0	0	0	0	0	
60648	11	0	0	0	0	0	
60649	11	0	0	0	0	0	
60650	11	0	0	0	0	0	
60651	11	0	0	0	0	0	
60652	11	0	0	0	0	0	
60653	2	11	0	0	0	0	
60654	11	0	0	0	0	0	
60655	11	0	0	0	0	0	
60656	7	11	0	0	0	0	
60657	11	0	0	0	0	0	
60658	7	11	0	0	0	0	
60659	11	0	0	0	0	0	
60660	11	0	0	0	0	0	
60661	11	0	0	0	0	0	
60662	11	0	0	0	0	0	
60663	11	0	0	0	0	0	
60664	11	0	0	0	0	0	
60665	7	11	0	0	0	0	
60666	11	0	0	0	0	0	
60667	11	0	0	0	0	0	
60668	11	0	0	0	0	0	
60669	11	0	0	0	0	0	
60670	11	0	0	0	0	0	
60671	2	7	11	0	0	0	
60672	2	11	0	0	0	0	
60673	11	0	0	0	0	0	
60674	7	11	0	0	0	0	
60675	11	0	0	0	0	0	
60676	11	0	0	0	0	0	
60677	7	11	0	0	0	0	
60678	11	0	0	0	0	0	
60679	7	11	0	0	0	0	
60680	11	0	0	0	0	0	
60681	11	0	0	0	0	0	
60682	11	0	0	0	0	0	
60683	11	0	0	0	0	0	
60684	2	3	4	7	11	0	
60684	2	3	4	7	11	0	
60685	11	0	0	0	0	0	
60686	7	11	0	0	0	0	
60687	11	0	0	0	0	0	
60688	7	11	0	0	0	0	
60689	11	0	0	0	0	0	
60690	7	11	0	0	0	0	
60691	11	0	0	0	0	0	
60692	11	0	0	0	0	0	
60693	7	11	0	0	0	0	
60694	11	0	0	0	0	0	
60695	11	0	0	0	0	0	
60696	11	0	0	0	0	0	
60697	2	7	11	0	0	0	
60698	11	0	0	0	0	0	
60699	11	0	0	0	0	0	
60700	11	0	0	0	0	0	
60701	11	0	0	0	0	0	
60702	2	11	0	0	0	0	
60703	11	0	0	0	0	0	
60704	11	0	0	0	0	0	
60705	11	0	0	0	0	0	
60706	11	0	0	0	0	0	
60707	2	7	11	0	0	0	
60708	11	0	0	0	0	0	
60709	7	11	0	0	0	0	
60710	7	11	0	0	0	0	
60711	11	0	0	0	0	0	
60712	11	0	0	0	0	0	
60713	11	0	0	0	0	0	
60714	11	0	0	0	0	0	
60715	11	0	0	0	0	0	
60716	11	0	0	0	0	0	
60717	11	0	0	0	0	0	
60718	11	0	0	0	0	0	
60719	11	0	0	0	0	0	
60720	11	0	0	0	0	0	
60721	2	3	7	11	0	0	
60721	2	3	7	11	0	0	
60722	2	3	7	11	0	0	
60723	11	0	0	0	0	0	
60724	7	11	0	0	0	0	
60725	11	0	0	0	0	0	
60726	7	11	0	0	0	0	
60727	11	0	0	0	0	0	
60728	11	0	0	0	0	0	
60729	7	11	0	0	0	0	
60730	11	0	0	0	0	0	
60731	11	0	0	0	0	0	
60732	11	0	0	0	0	0	
60733	2	7	11	0	0	0	
60734	7	11	0	0	0	0	
60735	7	11	0	0	0	0	
60736	11	0	0	0	0	0	
60737	7	11	0	0	0	0	
60738	11	0	0	0	0	0	
60739	7	11	0	0	0	0	
60740	11	0	0	0	0	0	
60741	2	7	11	0	0	0	
60742	11	0	0	0	0	0	
60743	11	0	0	0	0	0	
60744	11	0	0	0	0	0	
60745	11	0	0	0	0	0	
60746	7	11	0	0	0	0	
60747	11	0	0	0	0	0	
60748	7	11	0	0	0	0	
60749	11	0	0	0	0	0	
60750	11	0	0	0	0	0	
60751	2	11	0	0	0	0	
60752	7	11	0	0	0	0	
60753	11	0	0	0	0	0	
60754	11	0	0	0	0	0	
60755	7	11	0	0	0	0	
60756	2	7	11	0	0	0	
60757	11	0	0	0	0	0	
60758	11	0	0	0	0	0	
60759	11	0	0	0	0	0	
60760	11	0	0	0	0	0	
60761	11	0	0	0	0	0	
60762	11	0	0	0	0	0	
60763	7	11	0	0	0	0	
60764	11	0	0	0	0	0	
60765	11	0	0	0	0	0	
60766	11	0	0	0	0	0	
60767	11	0	0	0	0	0	
60768	7	11	0	0	0	0	
60769	11	0	0	0	0	0	
60770	11	0	0	0	0	0	
60771	7	11	0	0	0	0	
60772	11	0	0	0	0	0	
60773	11	0	0	0	0	0	
60774	2	7	11	0	0	0	
60775	11	0	0	0	0	0	
60776	2	3	4	11	0	0	
60777	11	0	0	0	0	0	
60778	11	0	0	0	0	0	
60779	11	0	0	0	0	0	
60780	11	0	0	0	0	0	
60781	7	11	0	0	0	0	
60782	7	11	0	0	0	0	
60783	11	0	0	0	0	0	
60784	11	0	0	0	0	0	
60785	2	7	11	0	0	0	
60786	2	7	11	0	0	0	
60787	11	0	0	0	0	0	
60788	11	0	0	0	0	0	
60789	11	0	0	0	0	0	
60790	11	0	0	0	0	0	
60791	11	0	0	0	0	0	
60792	11	0	0	0	0	0	
60793	11	0	0	0	0	0	
60794	11	0	0	0	0	0	
60795	11	0	0	0	0	0	
60796	11	0	0	0	0	0	
60797	11	0	0	0	0	0	
60798	7	11	0	0	0	0	
60799	11	0	0	0	0	0	
60800	11	0	0	0	0	0	
60801	11	0	0	0	0	0	
60802	11	0	0	0	0	0	
60803	7	11	0	0	0	0	
60804	11	0	0	0	0	0	
60805	11	0	0	0	0	0	
60806	11	0	0	0	0	0	
60807	7	11	0	0	0	0	
60808	11	0	0	0	0	0	
60809	2	7	11	0	0	0	
60810	11	0	0	0	0	0	
60811	7	11	0	0	0	0	
60812	11	0	0	0	0	0	
60813	11	0	0	0	0	0	
60814	7	11	0	0	0	0	
60815	7	11	0	0	0	0	
60816	11	0	0	0	0	0	
60817	11	0	0	0	0	0	
60818	7	11	0	0	0	0	
60819	11	0	0	0	0	0	
60820	11	0	0	0	0	0	
60821	7	11	0	0	0	0	
60822	2	7	11	0	0	0	
60823	11	0	0	0	0	0	
60824	11	0	0	0	0	0	
60825	11	0	0	0	0	0	
60826	11	0	0	0	0	0	
60827	11	0	0	0	0	0	
60828	11	0	0	0	0	0	
60829	7	11	0	0	0	0	
60830	11	0	0	0	0	0	
60831	7	11	0	0	0	0	
60832	7	11	0	0	0	0	
60833	11	0	0	0	0	0	
60834	11	0	0	0	0	0	
60835	11	0	0	0	0	0	
60836	11	0	0	0	0	0	
60837	11	0	0	0	0	0	
60838	11	0	0	0	0	0	
60839	11	0	0	0	0	0	
60840	11	0	0	0	0	0	
60841	11	0	0	0	0	0	
60842	11	0	0	0	0	0	
60843	11	0	0	0	0	0	
60844	11	0	0	0	0	0	
60845	7	11	0	0	0	0	
60846	7	11	0	0	0	0	
60847	11	0	0	0	0	0	
60848	11	0	0	0	0	0	
60849	11	0	0	0	0	0	
60850	7	11	0	0	0	0	
60851	11	0	0	0	0	0	
60852	11	0	0	0	0	0	
60853	2	3	4	7	11	0	
60854	7	11	0	0	0	0	
60855	7	11	0	0	0	0	
60856	11	0	0	0	0	0	
60857	7	11	0	0	0	0	
60858	11	0	0	0	0	0	
60859	11	0	0	0	0	0	
60860	2	11	0	0	0	0	
60861	11	0	0	0	0	0	
60862	11	0	0	0	0	0	
60863	11	0	0	0	0	0	
60864	11	0	0	0	0	0	
60865	7	11	0	0	0	0	
60866	11	0	0	0	0	0	
60867	2	11	0	0	0	0	
60868	7	11	0	0	0	0	
60869	11	0	0	0	0	0	
60870	7	11	0	0	0	0	
60871	11	0	0	0	0	0	
60872	7	11	0	0	0	0	
60873	11	0	0	0	0	0	
60874	11	0	0	0	0	0	
60875	11	0	0	0	0	0	
60876	7	11	0	0	0	0	
60877	11	0	0	0	0	0	
60878	11	0	0	0	0	0	
60879	11	0	0	0	0	0	
60880	11	0	0	0	0	0	
60881	11	0	0	0	0	0	
60882	11	0	0	0	0	0	
60883	7	11	0	0	0	0	
60884	11	0	0	0	0	0	
60885	11	0	0	0	0	0	
60886	11	0	0	0	0	0	
60887	11	0	0	0	0	0	
60888	11	0	0	0	0	0	
60889	11	0	0	0	0	0	
60890	11	0	0	0	0	0	
60891	11	0	0	0	0	0	
60892	11	0	0	0	0	0	
60893	7	11	0	0	0	0	
60894	7	11	0	0	0	0	
60895	11	0	0	0	0	0	
60896	11	0	0	0	0	0	
60897	7	11	0	0	0	0	
60898	11	0	0	0	0	0	
60899	7	11	0	0	0	0	
60900	11	0	0	0	0	0	
60901	11	0	0	0	0	0	
60902	11	0	0	0	0	0	
60903	11	0	0	0	0	0	
60904	11	0	0	0	0	0	
60905	2	7	11	0	0	0	
60906	11	0	0	0	0	0	
60907	2	11	0	0	0	0	
60908	11	0	0	0	0	0	
60909	11	0	0	0	0	0	
60910	7	11	0	0	0	0	
60911	11	0	0	0	0	0	
60912	7	11	0	0	0	0	
60913	7	11	0	0	0	0	
60914	11	0	0	0	0	0	
60915	2	3	4	7	11	0	
60916	11	0	0	0	0	0	
60917	11	0	0	0	0	0	
60918	11	0	0	0	0	0	
60919	2	7	11	0	0	0	
60920	7	11	0	0	0	0	
60921	11	0	0	0	0	0	
60922	2	3	11	0	0	0	
60923	7	11	0	0	0	0	
60924	7	11	0	0	0	0	
60925	11	0	0	0	0	0	
60926	7	11	0	0	0	0	
60927	2	7	11	0	0	0	
60928	11	0	0	0	0	0	
60929	11	0	0	0	0	0	
60930	11	0	0	0	0	0	
60931	7	11	0	0	0	0	
60932	11	0	0	0	0	0	
60933	11	0	0	0	0	0	
60934	11	0	0	0	0	0	
60935	11	0	0	0	0	0	
60936	2	7	11	0	0	0	
60937	11	0	0	0	0	0	
60938	7	11	0	0	0	0	
60939	11	0	0	0	0	0	
60940	7	11	0	0	0	0	
60941	2	7	11	0	0	0	
60942	11	0	0	0	0	0	
60943	11	0	0	0	0	0	
60944	7	11	0	0	0	0	
60945	11	0	0	0	0	0	
60946	2	3	11	0	0	0	
60947	11	0	0	0	0	0	
60948	11	0	0	0	0	0	
60949	7	11	0	0	0	0	
60950	11	0	0	0	0	0	
60951	11	0	0	0	0	0	
60952	11	0	0	0	0	0	
60953	2	11	0	0	0	0	
60954	7	11	0	0	0	0	
60955	11	0	0	0	0	0	
60956	11	0	0	0	0	0	
60957	11	0	0	0	0	0	
60958	7	11	0	0	0	0	
60959	11	0	0	0	0	0	
60960	11	0	0	0	0	0	
60961	11	0	0	0	0	0	
60962	7	11	0	0	0	0	
60963	7	11	0	0	0	0	
60964	7	11	0	0	0	0	
60965	7	11	0	0	0	0	
60966	11	0	0	0	0	0	
60967	11	0	0	0	0	0	
60968	7	11	0	0	0	0	
60969	11	0	0	0	0	0	
60970	11	0	0	0	0	0	
60971	11	0	0	0	0	0	
60972	2	11	0	0	0	0	
60973	11	0	0	0	0	0	
60974	7	11	0	0	0	0	
60975	7	11	0	0	0	0	
60976	7	11	0	0	0	0	
60977	11	0	0	0	0	0	
60978	7	11	0	0	0	0	
60979	11	0	0	0	0	0	
60980	7	11	0	0	0	0	
60981	11	0	0	0	0	0	
60982	11	0	0	0	0	0	
60983	11	0	0	0	0	0	
60984	11	0	0	0	0	0	
60985	11	0	0	0	0	0	
60986	11	0	0	0	0	0	
60987	7	11	0	0	0	0	
60988	11	0	0	0	0	0	
60989	11	0	0	0	0	0	
60990	11	0	0	0	0	0	
60991	11	0	0	0	0	0	
60992	11	0	0	0	0	0	
60993	11	0	0	0	0	0	
60994	11	0	0	0	0	0	
60995	11	0	0	0	0	0	
60996	2	7	11	0	0	0	
60997	7	11	0	0	0	0	
60998	2	7	11	0	0	0	
60999	11	0	0	0	0	0	
61000	2	7	11	0	0	0	
61001	11	0	0	0	0	0	
61002	7	11	0	0	0	0	
61003	11	0	0	0	0	0	
61004	2	7	11	0	0	0	
61005	7	11	0	0	0	0	
61006	11	0	0	0	0	0	
61007	11	0	0	0	0	0	
61008	11	0	0	0	0	0	
61009	2	7	11	0	0	0	
61010	2	7	11	0	0	0	
61010	2	7	11	0	0	0	
61011	7	11	0	0	0	0	
61012	11	0	0	0	0	0	
61013	11	0	0	0	0	0	
61014	7	11	0	0	0	0	
61015	11	0	0	0	0	0	
61016	11	0	0	0	0	0	
61017	11	0	0	0	0	0	
61018	7	11	0	0	0	0	
61019	7	11	0	0	0	0	
61020	2	7	11	0	0	0	
61021	11	0	0	0	0	0	
61022	7	11	0	0	0	0	
61023	11	0	0	0	0	0	
61024	11	0	0	0	0	0	
61025	7	11	0	0	0	0	
61026	11	0	0	0	0	0	
61027	11	0	0	0	0	0	
61028	11	0	0	0	0	0	
61029	2	11	0	0	0	0	
61030	11	0	0	0	0	0	
61031	11	0	0	0	0	0	
61032	11	0	0	0	0	0	
61033	11	0	0	0	0	0	
61034	7	11	0	0	0	0	
61035	2	3	7	11	0	0	
61036	11	0	0	0	0	0	
61037	11	0	0	0	0	0	
61038	11	0	0	0	0	0	
61039	7	11	0	0	0	0	
61040	2	7	11	0	0	0	
61041	11	0	0	0	0	0	
61042	7	11	0	0	0	0	
61043	11	0	0	0	0	0	
61044	11	0	0	0	0	0	
61045	7	11	0	0	0	0	
61046	7	11	0	0	0	0	
61047	2	3	4	7	11	0	
61048	11	0	0	0	0	0	
61049	11	0	0	0	0	0	
61050	7	11	0	0	0	0	
61051	11	0	0	0	0	0	
61052	11	0	0	0	0	0	
61053	11	0	0	0	0	0	
61054	11	0	0	0	0	0	
61055	7	11	0	0	0	0	
61056	7	11	0	0	0	0	
61057	7	11	0	0	0	0	
61058	7	11	0	0	0	0	
61059	7	11	0	0	0	0	
61060	7	11	0	0	0	0	
61061	2	11	0	0	0	0	
61062	7	11	0	0	0	0	
61063	11	0	0	0	0	0	
61064	7	11	0	0	0	0	
61065	11	0	0	0	0	0	
61066	7	11	0	0	0	0	
61067	11	0	0	0	0	0	
61068	11	0	0	0	0	0	
61069	11	0	0	0	0	0	
61070	11	0	0	0	0	0	
61071	11	0	0	0	0	0	
61072	11	0	0	0	0	0	
61073	11	0	0	0	0	0	
61074	7	11	0	0	0	0	
61075	11	0	0	0	0	0	
61076	7	11	0	0	0	0	
61077	2	7	11	0	0	0	
61078	11	0	0	0	0	0	
61079	2	3	11	0	0	0	
61080	11	0	0	0	0	0	
61081	7	11	0	0	0	0	
61082	11	0	0	0	0	0	
61083	7	11	0	0	0	0	
61084	11	0	0	0	0	0	
61085	11	0	0	0	0	0	
61086	11	0	0	0	0	0	
61087	11	0	0	0	0	0	
61088	7	11	0	0	0	0	
61089	7	11	0	0	0	0	
61090	7	11	0	0	0	0	
61091	7	11	0	0	0	0	
61092	11	0	0	0	0	0	
61093	7	11	0	0	0	0	
61094	7	11	0	0	0	0	
61095	7	11	0	0	0	0	
61096	11	0	0	0	0	0	
61097	11	0	0	0	0	0	
61098	11	0	0	0	0	0	
61099	2	11	0	0	0	0	
61100	11	0	0	0	0	0	
61101	11	0	0	0	0	0	
61102	11	0	0	0	0	0	
61103	7	11	0	0	0	0	
61104	11	0	0	0	0	0	
61105	11	0	0	0	0	0	
61106	11	0	0	0	0	0	
61107	11	0	0	0	0	0	
61108	2	3	11	0	0	0	
61109	2	11	0	0	0	0	
61110	11	0	0	0	0	0	
61111	11	0	0	0	0	0	
61112	7	11	0	0	0	0	
61113	11	0	0	0	0	0	
61114	7	11	0	0	0	0	
61115	11	0	0	0	0	0	
61116	7	11	0	0	0	0	
61117	2	3	4	7	11	0	
61118	2	3	11	0	0	0	
61119	11	0	0	0	0	0	
61120	7	11	0	0	0	0	
61121	11	0	0	0	0	0	
61122	7	11	0	0	0	0	
61123	11	0	0	0	0	0	
61124	11	0	0	0	0	0	
61125	11	0	0	0	0	0	
61126	7	11	0	0	0	0	
61126	7	11	0	0	0	0	
61127	7	11	0	0	0	0	
61128	7	11	0	0	0	0	
61129	7	11	0	0	0	0	
61130	7	11	0	0	0	0	
61131	11	0	0	0	0	0	
61132	7	11	0	0	0	0	
61133	11	0	0	0	0	0	
61134	7	11	0	0	0	0	
61135	2	7	11	0	0	0	
61136	11	0	0	0	0	0	
61137	11	0	0	0	0	0	
61138	11	0	0	0	0	0	
61139	11	0	0	0	0	0	
61140	2	7	11	0	0	0	
61141	11	0	0	0	0	0	
61142	7	11	0	0	0	0	
61143	11	0	0	0	0	0	
61144	11	0	0	0	0	0	
61145	2	11	0	0	0	0	
61146	7	11	0	0	0	0	
61147	7	11	0	0	0	0	
61148	11	0	0	0	0	0	
61149	11	0	0	0	0	0	
61150	7	11	0	0	0	0	
61151	2	3	7	11	0	0	
61152	11	0	0	0	0	0	
61153	11	0	0	0	0	0	
61154	7	11	0	0	0	0	
61155	7	11	0	0	0	0	
61156	7	11	0	0	0	0	
61157	2	11	0	0	0	0	
61158	11	0	0	0	0	0	
61159	11	0	0	0	0	0	
61160	2	7	11	0	0	0	
61161	2	11	0	0	0	0	
61162	11	0	0	0	0	0	
61163	11	0	0	0	0	0	
61164	7	11	0	0	0	0	
61165	11	0	0	0	0	0	
61166	11	0	0	0	0	0	
61167	7	11	0	0	0	0	
61168	11	0	0	0	0	0	
61169	11	0	0	0	0	0	
61170	2	11	0	0	0	0	
61171	2	3	4	11	0	0	
61172	11	0	0	0	0	0	
61173	2	11	0	0	0	0	
61174	11	0	0	0	0	0	
61175	7	11	0	0	0	0	
61176	11	0	0	0	0	0	
61177	11	0	0	0	0	0	
61178	2	3	11	0	0	0	
61179	11	0	0	0	0	0	
61180	7	11	0	0	0	0	
61181	11	0	0	0	0	0	
61182	2	3	11	0	0	0	
61183	11	0	0	0	0	0	
61184	7	11	0	0	0	0	
61185	7	11	0	0	0	0	
61186	11	0	0	0	0	0	
61187	7	11	0	0	0	0	
61188	2	7	11	0	0	0	
61189	7	11	0	0	0	0	
61190	7	11	0	0	0	0	
61191	11	0	0	0	0	0	
61192	11	0	0	0	0	0	
61193	2	7	11	0	0	0	
61194	7	11	0	0	0	0	
61195	7	11	0	0	0	0	
61196	11	0	0	0	0	0	
61197	11	0	0	0	0	0	
61198	2	7	11	0	0	0	
61199	11	0	0	0	0	0	
61200	7	11	0	0	0	0	
61201	2	11	0	0	0	0	
61202	7	11	0	0	0	0	
61203	7	11	0	0	0	0	
61204	11	0	0	0	0	0	
61205	2	11	0	0	0	0	
61206	7	11	0	0	0	0	
61207	11	0	0	0	0	0	
61208	7	11	0	0	0	0	
61209	11	0	0	0	0	0	
61210	2	7	11	0	0	0	
61211	11	0	0	0	0	0	
61212	11	0	0	0	0	0	
61213	7	11	0	0	0	0	
61214	11	0	0	0	0	0	
61215	11	0	0	0	0	0	
61216	11	0	0	0	0	0	
61217	2	7	11	0	0	0	
61218	11	0	0	0	0	0	
61219	7	11	0	0	0	0	
61220	11	0	0	0	0	0	
61221	11	0	0	0	0	0	
61222	7	11	0	0	0	0	
61223	7	11	0	0	0	0	
61224	11	0	0	0	0	0	
61225	2	7	11	0	0	0	
61226	2	7	11	0	0	0	
61227	11	0	0	0	0	0	
61228	11	0	0	0	0	0	
61229	11	0	0	0	0	0	
61230	7	11	0	0	0	0	
61231	11	0	0	0	0	0	
61232	2	3	7	11	0	0	
61233	11	0	0	0	0	0	
61234	7	11	0	0	0	0	
61235	11	0	0	0	0	0	
61236	11	0	0	0	0	0	
61237	11	0	0	0	0	0	
61238	11	0	0	0	0	0	
61239	11	0	0	0	0	0	
61240	7	11	0	0	0	0	
61241	11	0	0	0	0	0	
61242	11	0	0	0	0	0	
61243	11	0	0	0	0	0	
61244	7	11	0	0	0	0	
61245	7	11	0	0	0	0	
61246	7	11	0	0	0	0	
61247	11	0	0	0	0	0	
61248	11	0	0	0	0	0	
61249	7	11	0	0	0	0	
61250	11	0	0	0	0	0	
61251	7	11	0	0	0	0	
61252	2	7	11	0	0	0	
61253	11	0	0	0	0	0	
61254	11	0	0	0	0	0	
61255	11	0	0	0	0	0	
61256	11	0	0	0	0	0	
61257	7	11	0	0	0	0	
61258	11	0	0	0	0	0	
61259	7	11	0	0	0	0	
61260	7	11	0	0	0	0	
61261	7	11	0	0	0	0	
61262	11	0	0	0	0	0	
61263	11	0	0	0	0	0	
61264	11	0	0	0	0	0	
61265	11	0	0	0	0	0	
61266	7	11	0	0	0	0	
61267	2	11	0	0	0	0	
61268	11	0	0	0	0	0	
61269	11	0	0	0	0	0	
61270	11	0	0	0	0	0	
61271	7	11	0	0	0	0	
61272	11	0	0	0	0	0	
61273	2	11	0	0	0	0	
61274	11	0	0	0	0	0	
61275	7	11	0	0	0	0	
61276	11	0	0	0	0	0	
61277	11	0	0	0	0	0	
61278	11	0	0	0	0	0	
61279	11	0	0	0	0	0	
61280	11	0	0	0	0	0	
61281	7	11	0	0	0	0	
61282	7	11	0	0	0	0	
61283	7	11	0	0	0	0	
61284	11	0	0	0	0	0	
61285	11	0	0	0	0	0	
61286	7	11	0	0	0	0	
61287	11	0	0	0	0	0	
61288	11	0	0	0	0	0	
61289	11	0	0	0	0	0	
61290	2	7	11	0	0	0	
61291	11	0	0	0	0	0	
61292	11	0	0	0	0	0	
61293	2	11	0	0	0	0	
61294	11	0	0	0	0	0	
61295	11	0	0	0	0	0	
61296	7	11	0	0	0	0	
61297	2	7	11	0	0	0	
61298	2	11	0	0	0	0	
61299	11	0	0	0	0	0	
61300	7	11	0	0	0	0	
61301	2	7	11	0	0	0	
61302	11	0	0	0	0	0	
61303	11	0	0	0	0	0	
61304	11	0	0	0	0	0	
61305	2	7	11	0	0	0	
61305	2	7	11	0	0	0	
61306	7	11	0	0	0	0	
61307	11	0	0	0	0	0	
61308	11	0	0	0	0	0	
61309	11	0	0	0	0	0	
61310	11	0	0	0	0	0	
61311	7	11	0	0	0	0	
61312	7	11	0	0	0	0	
61313	11	0	0	0	0	0	
61314	2	3	11	0	0	0	
61315	11	0	0	0	0	0	
61316	7	11	0	0	0	0	
61317	11	0	0	0	0	0	
61318	7	11	0	0	0	0	
61319	11	0	0	0	0	0	
61320	7	11	0	0	0	0	
61321	2	7	11	0	0	0	
61322	11	0	0	0	0	0	
61323	11	0	0	0	0	0	
61324	11	0	0	0	0	0	
61325	11	0	0	0	0	0	
61326	7	11	0	0	0	0	
61327	7	11	0	0	0	0	
61328	11	0	0	0	0	0	
61329	7	11	0	0	0	0	
61330	7	11	0	0	0	0	
61331	7	11	0	0	0	0	
61332	2	7	11	0	0	0	
61333	11	0	0	0	0	0	
61334	11	0	0	0	0	0	
61335	2	7	11	0	0	0	
61336	7	11	0	0	0	0	
61337	11	0	0	0	0	0	
61338	7	11	0	0	0	0	
61339	11	0	0	0	0	0	
61340	7	11	0	0	0	0	
61341	11	0	0	0	0	0	
61342	7	11	0	0	0	0	
61343	11	0	0	0	0	0	
61344	11	0	0	0	0	0	
61345	2	11	0	0	0	0	
61346	7	11	0	0	0	0	
61347	11	0	0	0	0	0	
61348	11	0	0	0	0	0	
61349	7	11	0	0	0	0	
61350	11	0	0	0	0	0	
61351	11	0	0	0	0	0	
61352	7	11	0	0	0	0	
61353	2	7	11	0	0	0	
61354	11	0	0	0	0	0	
61355	7	11	0	0	0	0	
61356	11	0	0	0	0	0	
61357	11	0	0	0	0	0	
61358	2	3	7	11	0	0	
61359	7	11	0	0	0	0	
61360	11	0	0	0	0	0	
61361	11	0	0	0	0	0	
61362	7	11	0	0	0	0	
61363	11	0	0	0	0	0	
61364	7	11	0	0	0	0	
61365	7	11	0	0	0	0	
61366	2	3	11	0	0	0	
61367	7	11	0	0	0	0	
61368	11	0	0	0	0	0	
61369	7	11	0	0	0	0	
61370	11	0	0	0	0	0	
61371	11	0	0	0	0	0	
61372	11	0	0	0	0	0	
61373	11	0	0	0	0	0	
61374	11	0	0	0	0	0	
61375	11	0	0	0	0	0	
61376	2	3	11	0	0	0	
61377	7	11	0	0	0	0	
61378	11	0	0	0	0	0	
61379	11	0	0	0	0	0	
61380	7	11	0	0	0	0	
61381	11	0	0	0	0	0	
61382	11	0	0	0	0	0	
61383	11	0	0	0	0	0	
61384	2	3	4	11	0	0	
61385	2	3	11	0	0	0	
61386	7	11	0	0	0	0	
61387	11	0	0	0	0	0	
61388	7	11	0	0	0	0	
61389	7	11	0	0	0	0	
61390	11	0	0	0	0	0	
61391	11	0	0	0	0	0	
61392	11	0	0	0	0	0	
61393	7	11	0	0	0	0	
61394	11	0	0	0	0	0	
61395	2	7	11	0	0	0	
61396	11	0	0	0	0	0	
61397	11	0	0	0	0	0	
61398	11	0	0	0	0	0	
61399	7	11	0	0	0	0	
61400	11	0	0	0	0	0	
61401	11	0	0	0	0	0	
61402	2	11	0	0	0	0	
61403	7	11	0	0	0	0	
61404	7	11	0	0	0	0	
61405	2	7	11	0	0	0	
61406	11	0	0	0	0	0	
61407	11	0	0	0	0	0	
61408	2	7	11	0	0	0	
61409	11	0	0	0	0	0	
61410	11	0	0	0	0	0	
61411	11	0	0	0	0	0	
61412	11	0	0	0	0	0	
61413	2	3	11	0	0	0	
61414	11	0	0	0	0	0	
61415	2	7	11	0	0	0	
61416	11	0	0	0	0	0	
61417	11	0	0	0	0	0	
61418	7	11	0	0	0	0	
61419	7	11	0	0	0	0	
61420	11	0	0	0	0	0	
61421	11	0	0	0	0	0	
61422	11	0	0	0	0	0	
61423	11	0	0	0	0	0	
61424	2	3	11	0	0	0	
61425	11	0	0	0	0	0	
61426	11	0	0	0	0	0	
61427	11	0	0	0	0	0	
61428	2	7	11	0	0	0	
61429	7	11	0	0	0	0	
61430	11	0	0	0	0	0	
61431	11	0	0	0	0	0	
61432	11	0	0	0	0	0	
61433	2	11	0	0	0	0	
61434	11	0	0	0	0	0	
61435	11	0	0	0	0	0	
61436	11	0	0	0	0	0	
61437	7	11	0	0	0	0	
61438	11	0	0	0	0	0	
61439	11	0	0	0	0	0	
61440	11	0	0	0	0	0	
61441	11	0	0	0	0	0	
61442	11	0	0	0	0	0	
61443	11	0	0	0	0	0	
61444	11	0	0	0	0	0	
61445	11	0	0	0	0	0	
61446	11	0	0	0	0	0	
61447	2	11	0	0	0	0	
61448	11	0	0	0	0	0	
61449	11	0	0	0	0	0	
61450	11	0	0	0	0	0	
61451	11	0	0	0	0	0	
61452	11	0	0	0	0	0	
61453	11	0	0	0	0	0	
61454	11	0	0	0	0	0	
61455	11	0	0	0	0	0	
61456	2	3	4	11	0	0	
61457	11	0	0	0	0	0	
61458	11	0	0	0	0	0	
61459	7	11	0	0	0	0	
61460	11	0	0	0	0	0	
61461	11	0	0	0	0	0	
61462	7	11	0	0	0	0	
61463	11	0	0	0	0	0	
61464	11	0	0	0	0	0	
61465	11	0	0	0	0	0	
61466	7	11	0	0	0	0	
61467	11	0	0	0	0	0	
61468	11	0	0	0	0	0	
61469	11	0	0	0	0	0	
61470	11	0	0	0	0	0	
61471	7	11	0	0	0	0	
61472	7	11	0	0	0	0	
61473	11	0	0	0	0	0	
61474	11	0	0	0	0	0	
61475	11	0	0	0	0	0	
61476	11	0	0	0	0	0	
61477	11	0	0	0	0	0	
61478	11	0	0	0	0	0	
61479	7	11	0	0	0	0	
61480	11	0	0	0	0	0	
61481	11	0	0	0	0	0	
61482	11	0	0	0	0	0	
61483	11	0	0	0	0	0	
61484	7	11	0	0	0	0	
61485	7	11	0	0	0	0	
61486	2	11	0	0	0	0	
61487	2	11	0	0	0	0	
61488	11	0	0	0	0	0	
61489	11	0	0	0	0	0	
61490	2	7	11	0	0	0	
61491	11	0	0	0	0	0	
61492	11	0	0	0	0	0	
61493	2	7	11	0	0	0	
61494	11	0	0	0	0	0	
61495	11	0	0	0	0	0	
61496	7	11	0	0	0	0	
61497	11	0	0	0	0	0	
61498	11	0	0	0	0	0	
61499	11	0	0	0	0	0	
61500	11	0	0	0	0	0	
61501	2	3	11	0	0	0	
61502	11	0	0	0	0	0	
61503	2	11	0	0	0	0	
61504	11	0	0	0	0	0	
61505	7	11	0	0	0	0	
61506	11	0	0	0	0	0	
61507	11	0	0	0	0	0	
61508	11	0	0	0	0	0	
61509	11	0	0	0	0	0	
61510	2	3	11	0	0	0	
61511	7	11	0	0	0	0	
61512	11	0	0	0	0	0	
61513	2	11	0	0	0	0	
61514	11	0	0	0	0	0	
61515	2	3	11	0	0	0	
61516	11	0	0	0	0	0	
61517	11	0	0	0	0	0	
61518	11	0	0	0	0	0	
61519	11	0	0	0	0	0	
61520	11	0	0	0	0	0	
61521	11	0	0	0	0	0	
61522	7	11	0	0	0	0	
61523	11	0	0	0	0	0	
61524	11	0	0	0	0	0	
61525	11	0	0	0	0	0	
61526	7	11	0	0	0	0	
61527	2	3	7	11	0	0	
61528	7	11	0	0	0	0	
61529	11	0	0	0	0	0	
61530	11	0	0	0	0	0	
61531	11	0	0	0	0	0	
61532	7	11	0	0	0	0	
61533	2	11	0	0	0	0	
61534	11	0	0	0	0	0	
61535	11	0	0	0	0	0	
61536	11	0	0	0	0	0	
61537	11	0	0	0	0	0	
61538	11	0	0	0	0	0	
61539	11	0	0	0	0	0	
61540	11	0	0	0	0	0	
61541	7	11	0	0	0	0	
61542	11	0	0	0	0	0	
61543	11	0	0	0	0	0	
61544	2	11	0	0	0	0	
61545	7	11	0	0	0	0	
61546	11	0	0	0	0	0	
61547	11	0	0	0	0	0	
61548	11	0	0	0	0	0	
61549	11	0	0	0	0	0	
61550	11	0	0	0	0	0	
61551	11	0	0	0	0	0	
61552	11	0	0	0	0	0	
61553	11	0	0	0	0	0	
61554	2	3	7	11	0	0	
61555	11	0	0	0	0	0	
61556	11	0	0	0	0	0	
61557	7	11	0	0	0	0	
61558	11	0	0	0	0	0	
61559	2	3	11	0	0	0	
61560	11	0	0	0	0	0	
61561	2	11	0	0	0	0	
61562	11	0	0	0	0	0	
61563	11	0	0	0	0	0	
61564	11	0	0	0	0	0	
61565	7	11	0	0	0	0	
61566	7	11	0	0	0	0	
61567	11	0	0	0	0	0	
61568	7	11	0	0	0	0	
61569	11	0	0	0	0	0	
61570	7	11	0	0	0	0	
61571	11	0	0	0	0	0	
61572	11	0	0	0	0	0	
61573	11	0	0	0	0	0	
61574	7	11	0	0	0	0	
61575	11	0	0	0	0	0	
61576	7	11	0	0	0	0	
61577	11	0	0	0	0	0	
61578	11	0	0	0	0	0	
61579	11	0	0	0	0	0	
61580	11	0	0	0	0	0	
61581	11	0	0	0	0	0	
61582	11	0	0	0	0	0	
61583	7	11	0	0	0	0	
61584	7	11	0	0	0	0	
61585	7	11	0	0	0	0	
61586	11	0	0	0	0	0	
61587	11	0	0	0	0	0	
61588	2	3	11	0	0	0	
61589	11	0	0	0	0	0	
61590	11	0	0	0	0	0	
61591	11	0	0	0	0	0	
61592	11	0	0	0	0	0	
61593	11	0	0	0	0	0	
61594	11	0	0	0	0	0	
61595	11	0	0	0	0	0	
61596	11	0	0	0	0	0	
61597	11	0	0	0	0	0	
61598	11	0	0	0	0	0	
61599	11	0	0	0	0	0	
61600	2	11	0	0	0	0	
61601	11	0	0	0	0	0	
61602	11	0	0	0	0	0	
61603	11	0	0	0	0	0	
61604	7	11	0	0	0	0	
61605	2	7	11	0	0	0	
61606	11	0	0	0	0	0	
61607	7	11	0	0	0	0	
61608	11	0	0	0	0	0	
61609	2	11	0	0	0	0	
61610	11	0	0	0	0	0	
61611	11	0	0	0	0	0	
61612	11	0	0	0	0	0	
61613	11	0	0	0	0	0	
61614	11	0	0	0	0	0	
61615	11	0	0	0	0	0	
61616	7	11	0	0	0	0	
61617	11	0	0	0	0	0	
61618	11	0	0	0	0	0	
61619	11	0	0	0	0	0	
61620	7	11	0	0	0	0	
61621	11	0	0	0	0	0	
61622	11	0	0	0	0	0	
61623	11	0	0	0	0	0	
61624	11	0	0	0	0	0	
61625	7	11	0	0	0	0	
61626	11	0	0	0	0	0	
61627	11	0	0	0	0	0	
61628	11	0	0	0	0	0	
61629	11	0	0	0	0	0	
61630	11	0	0	0	0	0	
61631	11	0	0	0	0	0	
61632	11	0	0	0	0	0	
61633	7	11	0	0	0	0	
61634	11	0	0	0	0	0	
61635	2	7	11	0	0	0	
61636	2	3	11	0	0	0	
61637	2	3	4	7	11	0	
61638	2	3	4	11	0	0	
61639	11	0	0	0	0	0	
61640	11	0	0	0	0	0	
61641	7	11	0	0	0	0	
61642	7	11	0	0	0	0	
61643	2	7	11	0	0	0	
61644	11	0	0	0	0	0	
61645	2	3	7	11	0	0	
61646	11	0	0	0	0	0	
61647	2	7	11	0	0	0	
61648	11	0	0	0	0	0	
61649	11	0	0	0	0	0	
61650	11	0	0	0	0	0	
61651	11	0	0	0	0	0	
61652	11	0	0	0	0	0	
61653	11	0	0	0	0	0	
61654	11	0	0	0	0	0	
61655	11	0	0	0	0	0	
61656	7	11	0	0	0	0	
61657	7	11	0	0	0	0	
61658	11	0	0	0	0	0	
61659	11	0	0	0	0	0	
61660	11	0	0	0	0	0	
61661	2	7	11	0	0	0	
61662	2	11	0	0	0	0	
61663	2	7	11	0	0	0	
61664	7	11	0	0	0	0	
61665	2	7	11	0	0	0	
61666	11	0	0	0	0	0	
61667	11	0	0	0	0	0	
61668	11	0	0	0	0	0	
61669	11	0	0	0	0	0	
61670	11	0	0	0	0	0	
61671	11	0	0	0	0	0	
61672	11	0	0	0	0	0	
61673	7	11	0	0	0	0	
61674	11	0	0	0	0	0	
61675	7	11	0	0	0	0	
61676	7	11	0	0	0	0	
61677	2	11	0	0	0	0	
61678	11	0	0	0	0	0	
61679	11	0	0	0	0	0	
61680	11	0	0	0	0	0	
61681	2	7	11	0	0	0	
61682	11	0	0	0	0	0	
61683	11	0	0	0	0	0	
61684	11	0	0	0	0	0	
61685	11	0	0	0	0	0	
61686	7	11	0	0	0	0	
61687	7	11	0	0	0	0	
61688	11	0	0	0	0	0	
61689	11	0	0	0	0	0	
61690	11	0	0	0	0	0	
61691	11	0	0	0	0	0	
61692	11	0	0	0	0	0	
61693	11	0	0	0	0	0	
61694	11	0	0	0	0	0	
61695	11	0	0	0	0	0	
61696	11	0	0	0	0	0	
61697	11	0	0	0	0	0	
61698	11	0	0	0	0	0	
61699	11	0	0	0	0	0	
61700	7	11	0	0	0	0	
61701	11	0	0	0	0	0	
61702	11	0	0	0	0	0	
61703	7	11	0	0	0	0	
61704	11	0	0	0	0	0	
61705	11	0	0	0	0	0	
61706	2	11	0	0	0	0	
61707	11	0	0	0	0	0	
61708	11	0	0	0	0	0	
61709	11	0	0	0	0	0	
61710	11	0	0	0	0	0	
61711	2	11	0	0	0	0	
61712	11	0	0	0	0	0	
61713	11	0	0	0	0	0	
61714	7	11	0	0	0	0	
61715	11	0	0	0	0	0	
61716	11	0	0	0	0	0	
61717	11	0	0	0	0	0	
61718	7	11	0	0	0	0	
61719	11	0	0	0	0	0	
61720	11	0	0	0	0	0	
61721	11	0	0	0	0	0	
61722	11	0	0	0	0	0	
61723	11	0	0	0	0	0	
61724	2	3	11	0	0	0	
61725	2	7	11	0	0	0	
61726	2	7	11	0	0	0	
61727	11	0	0	0	0	0	
61728	7	11	0	0	0	0	
61729	11	0	0	0	0	0	
61730	11	0	0	0	0	0	
61731	11	0	0	0	0	0	
61732	11	0	0	0	0	0	
61733	11	0	0	0	0	0	
61734	11	0	0	0	0	0	
61735	11	0	0	0	0	0	
61736	11	0	0	0	0	0	
61737	11	0	0	0	0	0	
61738	2	3	4	7	11	0	
61739	11	0	0	0	0	0	
61740	11	0	0	0	0	0	
61741	11	0	0	0	0	0	
61742	11	0	0	0	0	0	
61743	11	0	0	0	0	0	
61744	11	0	0	0	0	0	
61745	11	0	0	0	0	0	
61746	11	0	0	0	0	0	
61747	11	0	0	0	0	0	
61748	11	0	0	0	0	0	
61749	11	0	0	0	0	0	
61750	11	0	0	0	0	0	
61751	11	0	0	0	0	0	
61752	11	0	0	0	0	0	
61753	11	0	0	0	0	0	
61754	11	0	0	0	0	0	
61755	2	7	11	0	0	0	
61756	11	0	0	0	0	0	
61757	11	0	0	0	0	0	
61758	11	0	0	0	0	0	
61759	11	0	0	0	0	0	
61760	11	0	0	0	0	0	
61761	11	0	0	0	0	0	
61762	7	11	0	0	0	0	
61763	11	0	0	0	0	0	
61764	11	0	0	0	0	0	
61765	2	3	7	11	0	0	
61766	11	0	0	0	0	0	
61767	11	0	0	0	0	0	
61768	11	0	0	0	0	0	
61769	11	0	0	0	0	0	
61770	11	0	0	0	0	0	
61771	11	0	0	0	0	0	
61772	11	0	0	0	0	0	
61773	11	0	0	0	0	0	
61774	2	11	0	0	0	0	
61775	11	0	0	0	0	0	
61776	7	11	0	0	0	0	
61777	11	0	0	0	0	0	
61778	11	0	0	0	0	0	
61779	11	0	0	0	0	0	
61779	11	0	0	0	0	0	
61780	11	0	0	0	0	0	
61781	11	0	0	0	0	0	
61782	2	11	0	0	0	0	
61783	11	0	0	0	0	0	
61784	11	0	0	0	0	0	
61785	11	0	0	0	0	0	
61786	11	0	0	0	0	0	
61787	7	11	0	0	0	0	
61788	11	0	0	0	0	0	
61789	7	11	0	0	0	0	
61790	11	0	0	0	0	0	
61791	11	0	0	0	0	0	
61792	11	0	0	0	0	0	
61793	2	3	11	0	0	0	
61794	7	11	0	0	0	0	
61795	7	11	0	0	0	0	
61796	11	0	0	0	0	0	
61797	11	0	0	0	0	0	
61798	7	11	0	0	0	0	
61799	11	0	0	0	0	0	
61800	11	0	0	0	0	0	
61801	11	0	0	0	0	0	
61802	11	0	0	0	0	0	
61803	11	0	0	0	0	0	
61804	11	0	0	0	0	0	
61805	11	0	0	0	0	0	
61806	11	0	0	0	0	0	
61807	11	0	0	0	0	0	
61808	11	0	0	0	0	0	
61809	2	7	11	0	0	0	
61810	11	0	0	0	0	0	
61811	11	0	0	0	0	0	
61812	11	0	0	0	0	0	
61813	11	0	0	0	0	0	
61814	11	0	0	0	0	0	
61815	11	0	0	0	0	0	
61816	11	0	0	0	0	0	
61817	11	0	0	0	0	0	
61818	11	0	0	0	0	0	
61819	7	11	0	0	0	0	
61820	11	0	0	0	0	0	
61821	11	0	0	0	0	0	
61822	11	0	0	0	0	0	
61823	11	0	0	0	0	0	
61824	11	0	0	0	0	0	
61825	11	0	0	0	0	0	
61826	2	7	11	0	0	0	
61827	11	0	0	0	0	0	
61828	11	0	0	0	0	0	
61829	11	0	0	0	0	0	
61830	11	0	0	0	0	0	
61831	11	0	0	0	0	0	
61832	11	0	0	0	0	0	
61833	11	0	0	0	0	0	
61834	11	0	0	0	0	0	
61835	11	0	0	0	0	0	
61836	7	11	0	0	0	0	
61837	11	0	0	0	0	0	
61838	11	0	0	0	0	0	
61839	2	11	0	0	0	0	
61840	2	11	0	0	0	0	
61841	2	11	0	0	0	0	
61842	11	0	0	0	0	0	
61843	11	0	0	0	0	0	
61844	11	0	0	0	0	0	
61845	11	0	0	0	0	0	
61846	7	11	0	0	0	0	
61847	11	0	0	0	0	0	
61848	11	0	0	0	0	0	
61849	2	7	11	0	0	0	
61850	7	11	0	0	0	0	
61851	11	0	0	0	0	0	
61852	11	0	0	0	0	0	
61853	2	7	11	0	0	0	
61854	7	11	0	0	0	0	
61855	11	0	0	0	0	0	
61856	2	11	0	0	0	0	
61857	11	0	0	0	0	0	
61858	11	0	0	0	0	0	
61859	11	0	0	0	0	0	
61860	7	11	0	0	0	0	
61861	11	0	0	0	0	0	
61862	11	0	0	0	0	0	
61863	11	0	0	0	0	0	
61864	11	0	0	0	0	0	
61865	11	0	0	0	0	0	
61866	7	11	0	0	0	0	
61867	11	0	0	0	0	0	
61868	11	0	0	0	0	0	
61869	11	0	0	0	0	0	
61870	11	0	0	0	0	0	
61871	11	0	0	0	0	0	
61872	11	0	0	0	0	0	
61873	11	0	0	0	0	0	
61874	11	0	0	0	0	0	
61875	7	11	0	0	0	0	
61876	11	0	0	0	0	0	
61877	11	0	0	0	0	0	
61878	11	0	0	0	0	0	
61879	11	0	0	0	0	0	
61880	11	0	0	0	0	0	
61881	11	0	0	0	0	0	
61882	11	0	0	0	0	0	
61883	11	0	0	0	0	0	
61884	11	0	0	0	0	0	
61885	11	0	0	0	0	0	
61886	7	11	0	0	0	0	
61886	7	11	0	0	0	0	
61887	7	11	0	0	0	0	
61888	11	0	0	0	0	0	
61889	11	0	0	0	0	0	
61890	11	0	0	0	0	0	
61891	11	0	0	0	0	0	
61892	11	0	0	0	0	0	
61893	11	0	0	0	0	0	
61894	11	0	0	0	0	0	
61895	11	0	0	0	0	0	
61896	11	0	0	0	0	0	
61897	11	0	0	0	0	0	
61898	11	0	0	0	0	0	
61899	11	0	0	0	0	0	
61900	7	11	0	0	0	0	
61901	7	11	0	0	0	0	
61902	11	0	0	0	0	0	
61903	2	3	7	11	0	0	
61904	7	11	0	0	0	0	
61905	7	11	0	0	0	0	
61906	11	0	0	0	0	0	
61907	11	0	0	0	0	0	
61908	11	0	0	0	0	0	
61909	11	0	0	0	0	0	
61910	11	0	0	0	0	0	
61911	11	0	0	0	0	0	
61912	11	0	0	0	0	0	
61913	11	0	0	0	0	0	
61914	11	0	0	0	0	0	
61915	11	0	0	0	0	0	
61916	11	0	0	0	0	0	
61917	11	0	0	0	0	0	
61918	11	0	0	0	0	0	
61919	11	0	0	0	0	0	
61920	11	0	0	0	0	0	
61921	11	0	0	0	0	0	
61922	11	0	0	0	0	0	
61923	11	0	0	0	0	0	
61924	11	0	0	0	0	0	
61925	11	0	0	0	0	0	
61926	11	0	0	0	0	0	
61927	11	0	0	0	0	0	
61928	11	0	0	0	0	0	
61929	2	7	11	0	0	0	
61930	11	0	0	0	0	0	
61931	11	0	0	0	0	0	
61932	11	0	0	0	0	0	
61933	7	11	0	0	0	0	
61934	11	0	0	0	0	0	
61935	11	0	0	0	0	0	
61936	11	0	0	0	0	0	
61937	7	11	0	0	0	0	
61938	11	0	0	0	0	0	
61939	11	0	0	0	0	0	
61940	11	0	0	0	0	0	
61941	11	0	0	0	0	0	
61942	7	11	0	0	0	0	
61943	11	0	0	0	0	0	
61944	11	0	0	0	0	0	
61945	11	0	0	0	0	0	
61946	11	0	0	0	0	0	
61947	11	0	0	0	0	0	
61948	11	0	0	0	0	0	
61949	11	0	0	0	0	0	
61950	11	0	0	0	0	0	
61951	11	0	0	0	0	0	
61952	11	0	0	0	0	0	
61953	11	0	0	0	0	0	
61954	11	0	0	0	0	0	
61955	11	0	0	0	0	0	
61956	7	11	0	0	0	0	
61957	11	0	0	0	0	0	
61958	11	0	0	0	0	0	
61959	11	0	0	0	0	0	
61960	11	0	0	0	0	0	
61961	2	3	11	0	0	0	
61962	11	0	0	0	0	0	
61963	11	0	0	0	0	0	
61964	2	7	11	0	0	0	
61965	2	7	11	0	0	0	
61966	11	0	0	0	0	0	
61967	11	0	0	0	0	0	
61968	7	11	0	0	0	0	
61969	11	0	0	0	0	0	
61970	11	0	0	0	0	0	
61971	11	0	0	0	0	0	
61972	2	11	0	0	0	0	
61973	11	0	0	0	0	0	
61974	11	0	0	0	0	0	
61975	11	0	0	0	0	0	
61976	11	0	0	0	0	0	
61977	11	0	0	0	0	0	
61978	2	3	11	0	0	0	
61979	11	0	0	0	0	0	
61980	11	0	0	0	0	0	
61981	11	0	0	0	0	0	
61982	11	0	0	0	0	0	
61983	11	0	0	0	0	0	
61984	11	0	0	0	0	0	
61985	11	0	0	0	0	0	
61986	11	0	0	0	0	0	
61987	11	0	0	0	0	0	
61988	11	0	0	0	0	0	
61989	11	0	0	0	0	0	
61990	2	3	7	11	0	0	
61991	11	0	0	0	0	0	
61992	11	0	0	0	0	0	
61993	11	0	0	0	0	0	
61994	7	11	0	0	0	0	
61995	11	0	0	0	0	0	
61996	11	0	0	0	0	0	
61997	11	0	0	0	0	0	
61998	11	0	0	0	0	0	
61999	11	0	0	0	0	0	
62000	11	0	0	0	0	0	
62001	11	0	0	0	0	0	
62002	11	0	0	0	0	0	
62003	11	0	0	0	0	0	
62004	11	0	0	0	0	0	
62005	2	7	11	0	0	0	
62006	11	0	0	0	0	0	
62007	11	0	0	0	0	0	
62008	11	0	0	0	0	0	
62009	2	3	11	0	0	0	
62010	11	0	0	0	0	0	
62011	11	0	0	0	0	0	
62012	11	0	0	0	0	0	
62013	11	0	0	0	0	0	
62014	11	0	0	0	0	0	
62015	2	3	7	11	0	0	
62016	7	11	0	0	0	0	
62017	11	0	0	0	0	0	
62018	11	0	0	0	0	0	
62019	11	0	0	0	0	0	
62020	11	0	0	0	0	0	
62021	11	0	0	0	0	0	
62022	11	0	0	0	0	0	
62023	11	0	0	0	0	0	
62024	11	0	0	0	0	0	
62025	11	0	0	0	0	0	
62026	11	0	0	0	0	0	
62027	7	11	0	0	0	0	
62028	11	0	0	0	0	0	
62029	11	0	0	0	0	0	
62030	11	0	0	0	0	0	
62031	11	0	0	0	0	0	
62032	11	0	0	0	0	0	
62033	11	0	0	0	0	0	
62034	11	0	0	0	0	0	
62035	11	0	0	0	0	0	
62036	11	0	0	0	0	0	
62037	11	0	0	0	0	0	
62038	11	0	0	0	0	0	
62039	2	3	7	11	0	0	
62040	11	0	0	0	0	0	
62041	11	0	0	0	0	0	
62042	11	0	0	0	0	0	
62043	11	0	0	0	0	0	
62044	11	0	0	0	0	0	
62045	11	0	0	0	0	0	
62046	2	3	11	0	0	0	
62047	11	0	0	0	0	0	
62048	11	0	0	0	0	0	
62049	7	11	0	0	0	0	
62050	11	0	0	0	0	0	
62051	11	0	0	0	0	0	
62052	11	0	0	0	0	0	
62053	11	0	0	0	0	0	
62054	11	0	0	0	0	0	
62055	11	0	0	0	0	0	
62056	11	0	0	0	0	0	
62057	11	0	0	0	0	0	
62058	11	0	0	0	0	0	
62059	11	0	0	0	0	0	
62060	11	0	0	0	0	0	
62061	11	0	0	0	0	0	
62062	11	0	0	0	0	0	
62063	11	0	0	0	0	0	
62064	11	0	0	0	0	0	
62065	11	0	0	0	0	0	
62066	11	0	0	0	0	0	
62067	11	0	0	0	0	0	
62068	7	11	0	0	0	0	
62069	11	0	0	0	0	0	
62070	11	0	0	0	0	0	
62071	11	0	0	0	0	0	
62072	11	0	0	0	0	0	
62073	11	0	0	0	0	0	
62074	11	0	0	0	0	0	
62075	11	0	0	0	0	0	
62076	11	0	0	0	0	0	
62077	11	0	0	0	0	0	
62078	11	0	0	0	0	0	
62079	11	0	0	0	0	0	
62080	2	3	11	0	0	0	
62081	11	0	0	0	0	0	
62082	2	3	11	0	0	0	
62083	11	0	0	0	0	0	
62084	11	0	0	0	0	0	
62085	11	0	0	0	0	0	
62086	11	0	0	0	0	0	
62087	11	0	0	0	0	0	
62088	11	0	0	0	0	0	
62089	11	0	0	0	0	0	
62090	11	0	0	0	0	0	
62091	11	0	0	0	0	0	
62092	11	0	0	0	0	0	
62093	11	0	0	0	0	0	
62094	11	0	0	0	0	0	
62095	11	0	0	0	0	0	
62096	11	0	0	0	0	0	
62097	11	0	0	0	0	0	
62098	11	0	0	0	0	0	
62099	2	3	11	0	0	0	
62100	11	0	0	0	0	0	
62101	7	11	0	0	0	0	
62102	11	0	0	0	0	0	
62103	11	0	0	0	0	0	
62104	11	0	0	0	0	0	
62105	11	0	0	0	0	0	
62106	11	0	0	0	0	0	
62107	11	0	0	0	0	0	
62108	11	0	0	0	0	0	
62109	11	0	0	0	0	0	
62110	11	0	0	0	0	0	
62111	11	0	0	0	0	0	
62112	11	0	0	0	0	0	
62113	2	7	11	0	0	0	
62114	11	0	0	0	0	0	
62115	11	0	0	0	0	0	
62116	11	0	0	0	0	0	
62117	11	0	0	0	0	0	
62118	11	0	0	0	0	0	
62119	7	11	0	0	0	0	
62119	7	11	0	0	0	0	
62120	11	0	0	0	0	0	
62121	11	0	0	0	0	0	
62122	11	0	0	0	0	0	
62123	11	0	0	0	0	0	
62124	11	0	0	0	0	0	
62125	11	0	0	0	0	0	
62126	11	0	0	0	0	0	
62127	11	0	0	0	0	0	
62128	11	0	0	0	0	0	
62129	11	0	0	0	0	0	
62130	2	7	11	0	0	0	
62131	2	11	0	0	0	0	
62132	11	0	0	0	0	0	
62133	11	0	0	0	0	0	
62134	11	0	0	0	0	0	
62135	11	0	0	0	0	0	
62136	11	0	0	0	0	0	
62137	11	0	0	0	0	0	
62138	11	0	0	0	0	0	
62139	11	0	0	0	0	0	
62140	11	0	0	0	0	0	
62141	11	0	0	0	0	0	
62142	11	0	0	0	0	0	
62143	7	11	0	0	0	0	
62144	11	0	0	0	0	0	
62145	11	0	0	0	0	0	
62146	11	0	0	0	0	0	
62147	11	0	0	0	0	0	
62148	11	0	0	0	0	0	
62149	11	0	0	0	0	0	
62150	11	0	0	0	0	0	
62151	11	0	0	0	0	0	
62152	11	0	0	0	0	0	
62153	11	0	0	0	0	0	
62154	11	0	0	0	0	0	
62155	11	0	0	0	0	0	
62156	11	0	0	0	0	0	
62157	11	0	0	0	0	0	
62158	11	0	0	0	0	0	
62159	11	0	0	0	0	0	
62160	11	0	0	0	0	0	
62161	2	11	0	0	0	0	
62162	11	0	0	0	0	0	
62163	11	0	0	0	0	0	
62164	2	7	11	0	0	0	
62165	11	0	0	0	0	0	
62166	11	0	0	0	0	0	
62167	11	0	0	0	0	0	
62168	2	11	0	0	0	0	
62169	11	0	0	0	0	0	
62170	11	0	0	0	0	0	
62171	11	0	0	0	0	0	
62172	11	0	0	0	0	0	
62173	11	0	0	0	0	0	
62174	11	0	0	0	0	0	
62175	11	0	0	0	0	0	
62176	11	0	0	0	0	0	
62177	11	0	0	0	0	0	
62178	11	0	0	0	0	0	
62179	11	0	0	0	0	0	
62180	11	0	0	0	0	0	
62181	11	0	0	0	0	0	
62182	11	0	0	0	0	0	
62183	11	0	0	0	0	0	
62184	11	0	0	0	0	0	
62185	11	0	0	0	0	0	
62186	11	0	0	0	0	0	
62187	11	0	0	0	0	0	
62188	7	11	0	0	0	0	
62189	11	0	0	0	0	0	
62190	7	11	0	0	0	0	
62191	11	0	0	0	0	0	
62192	11	0	0	0	0	0	
62193	7	11	0	0	0	0	
62194	11	0	0	0	0	0	
62195	7	11	0	0	0	0	
62196	11	0	0	0	0	0	
62197	11	0	0	0	0	0	
62198	11	0	0	0	0	0	
62199	2	3	11	0	0	0	
62200	11	0	0	0	0	0	
62201	2	11	0	0	0	0	
62202	11	0	0	0	0	0	
62203	7	11	0	0	0	0	
62204	11	0	0	0	0	0	
62205	11	0	0	0	0	0	
62206	7	11	0	0	0	0	
62207	11	0	0	0	0	0	
62208	7	11	0	0	0	0	
62209	7	11	0	0	0	0	
62210	11	0	0	0	0	0	
62211	11	0	0	0	0	0	
62212	11	0	0	0	0	0	
62213	7	11	0	0	0	0	
62214	7	11	0	0	0	0	
62215	11	0	0	0	0	0	
62216	11	0	0	0	0	0	
62217	7	11	0	0	0	0	
62218	7	11	0	0	0	0	
62219	11	0	0	0	0	0	
62220	11	0	0	0	0	0	
62221	11	0	0	0	0	0	
62222	7	11	0	0	0	0	
62223	11	0	0	0	0	0	
62224	11	0	0	0	0	0	
62225	11	0	0	0	0	0	
62226	7	11	0	0	0	0	
62227	11	0	0	0	0	0	
62228	11	0	0	0	0	0	
62229	2	3	11	0	0	0	
62230	11	0	0	0	0	0	
62231	11	0	0	0	0	0	
62232	11	0	0	0	0	0	
62233	11	0	0	0	0	0	
62234	11	0	0	0	0	0	
62235	11	0	0	0	0	0	
62236	11	0	0	0	0	0	
62237	11	0	0	0	0	0	
62238	11	0	0	0	0	0	
62239	7	11	0	0	0	0	
62240	7	11	0	0	0	0	
62241	7	11	0	0	0	0	
62242	7	11	0	0	0	0	
62243	11	0	0	0	0	0	
62244	11	0	0	0	0	0	
62245	7	11	0	0	0	0	
62246	11	0	0	0	0	0	
62247	11	0	0	0	0	0	
62248	11	0	0	0	0	0	
62249	11	0	0	0	0	0	
62250	11	0	0	0	0	0	
62251	11	0	0	0	0	0	
62252	2	3	7	11	0	0	
62253	7	11	0	0	0	0	
62254	11	0	0	0	0	0	
62255	11	0	0	0	0	0	
62256	11	0	0	0	0	0	
62257	11	0	0	0	0	0	
62258	11	0	0	0	0	0	
62259	11	0	0	0	0	0	
62260	11	0	0	0	0	0	
62261	11	0	0	0	0	0	
62262	11	0	0	0	0	0	
62263	11	0	0	0	0	0	
62264	11	0	0	0	0	0	
62265	11	0	0	0	0	0	
62266	11	0	0	0	0	0	
62267	7	11	0	0	0	0	
62268	11	0	0	0	0	0	
62269	11	0	0	0	0	0	
62270	11	0	0	0	0	0	
62271	11	0	0	0	0	0	
62272	2	3	7	11	0	0	
62273	2	7	11	0	0	0	
62274	11	0	0	0	0	0	
62275	11	0	0	0	0	0	
62276	7	11	0	0	0	0	
62277	11	0	0	0	0	0	
62278	11	0	0	0	0	0	
62279	11	0	0	0	0	0	
62280	11	0	0	0	0	0	
62281	2	7	11	0	0	0	
62281	2	7	11	0	0	0	
62282	2	7	11	0	0	0	
62282	2	7	11	0	0	0	
62283	11	0	0	0	0	0	
62284	11	0	0	0	0	0	
62285	11	0	0	0	0	0	
62286	11	0	0	0	0	0	
62287	11	0	0	0	0	0	
62288	11	0	0	0	0	0	
62289	11	0	0	0	0	0	
62290	11	0	0	0	0	0	
62291	11	0	0	0	0	0	
62292	7	11	0	0	0	0	
62293	11	0	0	0	0	0	
62294	11	0	0	0	0	0	
62295	11	0	0	0	0	0	
62296	11	0	0	0	0	0	
62297	11	0	0	0	0	0	
62298	2	7	11	0	0	0	
62299	11	0	0	0	0	0	
62300	7	11	0	0	0	0	
62301	11	0	0	0	0	0	
62302	11	0	0	0	0	0	
62303	11	0	0	0	0	0	
62304	11	0	0	0	0	0	
62305	11	0	0	0	0	0	
62306	11	0	0	0	0	0	
62307	11	0	0	0	0	0	
62308	11	0	0	0	0	0	
62309	11	0	0	0	0	0	
62310	2	7	11	0	0	0	
62311	11	0	0	0	0	0	
62312	11	0	0	0	0	0	
62313	7	11	0	0	0	0	
62314	11	0	0	0	0	0	
62315	11	0	0	0	0	0	
62316	11	0	0	0	0	0	
62317	11	0	0	0	0	0	
62318	11	0	0	0	0	0	
62319	7	11	0	0	0	0	
62320	2	7	11	0	0	0	
62321	11	0	0	0	0	0	
62322	11	0	0	0	0	0	
62323	11	0	0	0	0	0	
62324	11	0	0	0	0	0	
62325	11	0	0	0	0	0	
62326	11	0	0	0	0	0	
62327	11	0	0	0	0	0	
62328	11	0	0	0	0	0	
62329	11	0	0	0	0	0	
62330	11	0	0	0	0	0	
62331	11	0	0	0	0	0	
62332	11	0	0	0	0	0	
62333	11	0	0	0	0	0	
62334	11	0	0	0	0	0	
62335	11	0	0	0	0	0	
62336	7	11	0	0	0	0	
62337	11	0	0	0	0	0	
62338	11	0	0	0	0	0	
62339	11	0	0	0	0	0	
62340	7	11	0	0	0	0	
62341	7	11	0	0	0	0	
62342	11	0	0	0	0	0	
62343	11	0	0	0	0	0	
62344	7	11	0	0	0	0	
62345	11	0	0	0	0	0	
62346	11	0	0	0	0	0	
62347	11	0	0	0	0	0	
62348	7	11	0	0	0	0	
62349	11	0	0	0	0	0	
62350	11	0	0	0	0	0	
62351	11	0	0	0	0	0	
62352	11	0	0	0	0	0	
62353	7	11	0	0	0	0	
62354	11	0	0	0	0	0	
62355	11	0	0	0	0	0	
62356	2	7	11	0	0	0	
62357	7	11	0	0	0	0	
62358	11	0	0	0	0	0	
62359	11	0	0	0	0	0	
62360	11	0	0	0	0	0	
62361	11	0	0	0	0	0	
62362	11	0	0	0	0	0	
62363	11	0	0	0	0	0	
62364	2	3	11	0	0	0	
62365	11	0	0	0	0	0	
62366	11	0	0	0	0	0	
62367	11	0	0	0	0	0	
62368	11	0	0	0	0	0	
62369	11	0	0	0	0	0	
62370	2	3	11	0	0	0	
62371	11	0	0	0	0	0	
62372	7	11	0	0	0	0	
62373	7	11	0	0	0	0	
62374	11	0	0	0	0	0	
62375	11	0	0	0	0	0	
62376	7	11	0	0	0	0	
62377	7	11	0	0	0	0	
62378	11	0	0	0	0	0	
62379	11	0	0	0	0	0	
62380	11	0	0	0	0	0	
62381	11	0	0	0	0	0	
62382	11	0	0	0	0	0	
62383	11	0	0	0	0	0	
62384	11	0	0	0	0	0	
62385	11	0	0	0	0	0	
62386	11	0	0	0	0	0	
62387	11	0	0	0	0	0	
62388	11	0	0	0	0	0	
62389	7	11	0	0	0	0	
62390	11	0	0	0	0	0	
62391	7	11	0	0	0	0	
62392	2	3	7	11	0	0	
62393	11	0	0	0	0	0	
62394	11	0	0	0	0	0	
62395	7	11	0	0	0	0	
62396	11	0	0	0	0	0	
62397	11	0	0	0	0	0	
62398	11	0	0	0	0	0	
62399	11	0	0	0	0	0	
62400	11	0	0	0	0	0	
62401	2	7	11	0	0	0	
62402	11	0	0	0	0	0	
62403	11	0	0	0	0	0	
62404	11	0	0	0	0	0	
62405	11	0	0	0	0	0	
62406	11	0	0	0	0	0	
62407	7	11	0	0	0	0	
62408	11	0	0	0	0	0	
62409	11	0	0	0	0	0	
62410	11	0	0	0	0	0	
62411	7	11	0	0	0	0	
62412	11	0	0	0	0	0	
62413	7	11	0	0	0	0	
62414	2	3	7	11	0	0	
62415	11	0	0	0	0	0	
62416	11	0	0	0	0	0	
62417	11	0	0	0	0	0	
62418	11	0	0	0	0	0	
62419	11	0	0	0	0	0	
62420	11	0	0	0	0	0	
62421	7	11	0	0	0	0	
62422	11	0	0	0	0	0	
62423	11	0	0	0	0	0	
62424	11	0	0	0	0	0	
62425	11	0	0	0	0	0	
62426	11	0	0	0	0	0	
62427	11	0	0	0	0	0	
62428	11	0	0	0	0	0	
62429	7	11	0	0	0	0	
62430	11	0	0	0	0	0	
62431	11	0	0	0	0	0	
62432	7	11	0	0	0	0	
62433	7	11	0	0	0	0	
62434	11	0	0	0	0	0	
62435	11	0	0	0	0	0	
62436	11	0	0	0	0	0	
62437	7	11	0	0	0	0	
62438	11	0	0	0	0	0	
62439	11	0	0	0	0	0	
62440	11	0	0	0	0	0	
62441	11	0	0	0	0	0	
62442	2	7	11	0	0	0	
62443	7	11	0	0	0	0	
62444	11	0	0	0	0	0	
62445	11	0	0	0	0	0	
62446	11	0	0	0	0	0	
62447	11	0	0	0	0	0	
62448	11	0	0	0	0	0	
62449	11	0	0	0	0	0	
62450	2	3	11	0	0	0	
62451	11	0	0	0	0	0	
62452	2	3	11	0	0	0	
62453	11	0	0	0	0	0	
62454	11	0	0	0	0	0	
62455	11	0	0	0	0	0	
62456	7	11	0	0	0	0	
62457	11	0	0	0	0	0	
62458	2	7	11	0	0	0	
62459	11	0	0	0	0	0	
62460	11	0	0	0	0	0	
62461	11	0	0	0	0	0	
62462	11	0	0	0	0	0	
62463	7	11	0	0	0	0	
62464	11	0	0	0	0	0	
62465	11	0	0	0	0	0	
62466	11	0	0	0	0	0	
62467	11	0	0	0	0	0	
62468	11	0	0	0	0	0	
62469	11	0	0	0	0	0	
62470	11	0	0	0	0	0	
62471	2	3	7	11	0	0	
62472	11	0	0	0	0	0	
62473	7	11	0	0	0	0	
62474	7	11	0	0	0	0	
62475	11	0	0	0	0	0	
62476	11	0	0	0	0	0	
62477	11	0	0	0	0	0	
62478	11	0	0	0	0	0	
62479	11	0	0	0	0	0	
62480	11	0	0	0	0	0	
62481	7	11	0	0	0	0	
62482	11	0	0	0	0	0	
62483	11	0	0	0	0	0	
62484	2	7	11	0	0	0	
62485	11	0	0	0	0	0	
62486	7	11	0	0	0	0	
62487	11	0	0	0	0	0	
62488	11	0	0	0	0	0	
62489	11	0	0	0	0	0	
62490	11	0	0	0	0	0	
62491	11	0	0	0	0	0	
62492	11	0	0	0	0	0	
62493	7	11	0	0	0	0	
62494	7	11	0	0	0	0	
62495	11	0	0	0	0	0	
62496	2	3	11	0	0	0	
62497	11	0	0	0	0	0	
62498	11	0	0	0	0	0	
62499	11	0	0	0	0	0	
62500	11	0	0	0	0	0	
62501	11	0	0	0	0	0	
62502	11	0	0	0	0	0	
62503	11	0	0	0	0	0	
62504	11	0	0	0	0	0	
62505	11	0	0	0	0	0	
62506	11	0	0	0	0	0	
62507	11	0	0	0	0	0	
62508	11	0	0	0	0	0	
62509	7	11	0	0	0	0	
62510	7	11	0	0	0	0	
62511	2	7	11	0	0	0	
62512	11	0	0	0	0	0	
62513	11	0	0	0	0	0	
62514	11	0	0	0	0	0	
62515	11	0	0	0	0	0	
62516	11	0	0	0	0	0	
62517	11	0	0	0	0	0	
62518	2	3	11	0	0	0	
62519	11	0	0	0	0	0	
62520	11	0	0	0	0	0	
62521	7	11	0	0	0	0	
62522	11	0	0	0	0	0	
62523	11	0	0	0	0	0	
62524	7	11	0	0	0	0	
62525	11	0	0	0	0	0	
62526	11	0	0	0	0	0	
62527	11	0	0	0	0	0	
62528	7	11	0	0	0	0	
62529	11	0	0	0	0	0	
62530	11	0	0	0	0	0	
62531	11	0	0	0	0	0	
62532	11	0	0	0	0	0	
62533	11	0	0	0	0	0	
62534	11	0	0	0	0	0	
62535	11	0	0	0	0	0	
62536	7	11	0	0	0	0	
62537	11	0	0	0	0	0	
62538	11	0	0	0	0	0	
62539	11	0	0	0	0	0	
62540	11	0	0	0	0	0	
62541	7	11	0	0	0	0	
62542	11	0	0	0	0	0	
62543	2	3	11	0	0	0	
62544	11	0	0	0	0	0	
62545	11	0	0	0	0	0	
62546	11	0	0	0	0	0	
62547	7	11	0	0	0	0	
62548	7	11	0	0	0	0	
62549	7	11	0	0	0	0	
62550	11	0	0	0	0	0	
62551	11	0	0	0	0	0	
62552	7	11	0	0	0	0	
62553	7	11	0	0	0	0	
62554	11	0	0	0	0	0	
62555	7	11	0	0	0	0	
62556	11	0	0	0	0	0	
62557	11	0	0	0	0	0	
62558	2	7	11	0	0	0	
62559	11	0	0	0	0	0	
62560	11	0	0	0	0	0	
62561	11	0	0	0	0	0	
62562	11	0	0	0	0	0	
62563	11	0	0	0	0	0	
62564	7	11	0	0	0	0	
62565	11	0	0	0	0	0	
62566	7	11	0	0	0	0	
62567	7	11	0	0	0	0	
62568	11	0	0	0	0	0	
62569	11	0	0	0	0	0	
62570	7	11	0	0	0	0	
62571	11	0	0	0	0	0	
62572	7	11	0	0	0	0	
62573	11	0	0	0	0	0	
62574	7	11	0	0	0	0	
62575	11	0	0	0	0	0	
62576	11	0	0	0	0	0	
62577	7	11	0	0	0	0	
62578	7	11	0	0	0	0	
62579	11	0	0	0	0	0	
62580	11	0	0	0	0	0	
62581	11	0	0	0	0	0	
62582	11	0	0	0	0	0	
62583	11	0	0	0	0	0	
62584	11	0	0	0	0	0	
62585	2	3	11	0	0	0	
62586	11	0	0	0	0	0	
62587	11	0	0	0	0	0	
62588	7	11	0	0	0	0	
62589	7	11	0	0	0	0	
62590	11	0	0	0	0	0	
62591	11	0	0	0	0	0	
62592	7	11	0	0	0	0	
62593	11	0	0	0	0	0	
62594	11	0	0	0	0	0	
62595	11	0	0	0	0	0	
62596	2	11	0	0	0	0	
62597	11	0	0	0	0	0	
62598	2	3	11	0	0	0	
62599	7	11	0	0	0	0	
62600	11	0	0	0	0	0	
62601	11	0	0	0	0	0	
62602	2	7	11	0	0	0	
62603	2	3	7	11	0	0	
62604	7	11	0	0	0	0	
62605	2	7	11	0	0	0	
62606	7	11	0	0	0	0	
62607	11	0	0	0	0	0	
62608	11	0	0	0	0	0	
62609	11	0	0	0	0	0	
62610	11	0	0	0	0	0	
62611	7	11	0	0	0	0	
62612	7	11	0	0	0	0	
62613	2	7	11	0	0	0	
62614	11	0	0	0	0	0	
62615	11	0	0	0	0	0	
62616	11	0	0	0	0	0	
62617	11	0	0	0	0	0	
62618	11	0	0	0	0	0	
62619	11	0	0	0	0	0	
62620	11	0	0	0	0	0	
62621	11	0	0	0	0	0	
62622	11	0	0	0	0	0	
62623	2	7	11	0	0	0	
62624	2	3	11	0	0	0	
62625	7	11	0	0	0	0	
62626	11	0	0	0	0	0	
62627	2	3	11	0	0	0	
62628	11	0	0	0	0	0	
62629	11	0	0	0	0	0	
62630	11	0	0	0	0	0	
62631	11	0	0	0	0	0	
62632	11	0	0	0	0	0	
62633	11	0	0	0	0	0	
62634	2	7	11	0	0	0	
62635	7	11	0	0	0	0	
62636	11	0	0	0	0	0	
62637	2	3	11	0	0	0	
62638	7	11	0	0	0	0	
62639	11	0	0	0	0	0	
62640	7	11	0	0	0	0	
62641	11	0	0	0	0	0	
62642	11	0	0	0	0	0	
62643	11	0	0	0	0	0	
62644	11	0	0	0	0	0	
62645	11	0	0	0	0	0	
62646	7	11	0	0	0	0	
62647	11	0	0	0	0	0	
62648	11	0	0	0	0	0	
62649	11	0	0	0	0	0	
62650	11	0	0	0	0	0	
62651	11	0	0	0	0	0	
62652	11	0	0	0	0	0	
62653	11	0	0	0	0	0	
62654	11	0	0	0	0	0	
62655	11	0	0	0	0	0	
62656	11	0	0	0	0	0	
62657	11	0	0	0	0	0	
62658	11	0	0	0	0	0	
62659	11	0	0	0	0	0	
62660	11	0	0	0	0	0	
62661	2	3	11	0	0	0	
62662	11	0	0	0	0	0	
62663	11	0	0	0	0	0	
62664	7	11	0	0	0	0	
62665	11	0	0	0	0	0	
62666	11	0	0	0	0	0	
62667	2	11	0	0	0	0	
62668	11	0	0	0	0	0	
62669	2	7	11	0	0	0	
62669	2	7	11	0	0	0	
62670	11	0	0	0	0	0	
62671	7	11	0	0	0	0	
62672	11	0	0	0	0	0	
62673	11	0	0	0	0	0	
62674	11	0	0	0	0	0	
62675	11	0	0	0	0	0	
62676	11	0	0	0	0	0	
62677	11	0	0	0	0	0	
62678	11	0	0	0	0	0	
62679	11	0	0	0	0	0	
62680	11	0	0	0	0	0	
62681	7	11	0	0	0	0	
62682	11	0	0	0	0	0	
62683	11	0	0	0	0	0	
62684	11	0	0	0	0	0	
62685	11	0	0	0	0	0	
62686	2	3	7	11	0	0	
62687	7	11	0	0	0	0	
62688	11	0	0	0	0	0	
62689	2	7	11	0	0	0	
62690	11	0	0	0	0	0	
62691	11	0	0	0	0	0	
62692	7	11	0	0	0	0	
62693	11	0	0	0	0	0	
62694	7	11	0	0	0	0	
62695	2	3	11	0	0	0	
62696	7	11	0	0	0	0	
62697	11	0	0	0	0	0	
62698	7	11	0	0	0	0	
62699	11	0	0	0	0	0	
62700	11	0	0	0	0	0	
62701	7	11	0	0	0	0	
62702	11	0	0	0	0	0	
62703	11	0	0	0	0	0	
62704	11	0	0	0	0	0	
62705	11	0	0	0	0	0	
62706	11	0	0	0	0	0	
62707	11	0	0	0	0	0	
62708	11	0	0	0	0	0	
62709	11	0	0	0	0	0	
62710	11	0	0	0	0	0	
62711	11	0	0	0	0	0	
62712	7	11	0	0	0	0	
62713	2	7	11	0	0	0	
62714	11	0	0	0	0	0	
62715	11	0	0	0	0	0	
62716	7	11	0	0	0	0	
62717	11	0	0	0	0	0	
62718	11	0	0	0	0	0	
62719	11	0	0	0	0	0	
62720	11	0	0	0	0	0	
62721	11	0	0	0	0	0	
62722	11	0	0	0	0	0	
62723	11	0	0	0	0	0	
62724	7	11	0	0	0	0	
62725	2	3	11	0	0	0	
62726	7	11	0	0	0	0	
62727	11	0	0	0	0	0	
62728	7	11	0	0	0	0	
62729	11	0	0	0	0	0	
62730	11	0	0	0	0	0	
62731	11	0	0	0	0	0	
62732	11	0	0	0	0	0	
62733	11	0	0	0	0	0	
62734	11	0	0	0	0	0	
62735	11	0	0	0	0	0	
62736	11	0	0	0	0	0	
62737	11	0	0	0	0	0	
62738	11	0	0	0	0	0	
62739	7	11	0	0	0	0	
62740	7	11	0	0	0	0	
62741	11	0	0	0	0	0	
62742	2	7	11	0	0	0	
62743	2	7	11	0	0	0	
62744	11	0	0	0	0	0	
62745	11	0	0	0	0	0	
62746	11	0	0	0	0	0	
62747	11	0	0	0	0	0	
62748	2	11	0	0	0	0	
62749	2	7	11	0	0	0	
62750	2	7	11	0	0	0	
62751	2	7	11	0	0	0	
62752	2	7	11	0	0	0	
62753	11	0	0	0	0	0	
62754	7	11	0	0	0	0	
62755	7	11	0	0	0	0	
62756	11	0	0	0	0	0	
62757	11	0	0	0	0	0	
62758	11	0	0	0	0	0	
62759	11	0	0	0	0	0	
62760	11	0	0	0	0	0	
62761	2	7	11	0	0	0	
62762	11	0	0	0	0	0	
62763	11	0	0	0	0	0	
62764	11	0	0	0	0	0	
62765	11	0	0	0	0	0	
62766	11	0	0	0	0	0	
62767	11	0	0	0	0	0	
62768	11	0	0	0	0	0	
62769	7	11	0	0	0	0	
62770	7	11	0	0	0	0	
62771	11	0	0	0	0	0	
62772	11	0	0	0	0	0	
62773	2	7	11	0	0	0	
62774	11	0	0	0	0	0	
62775	11	0	0	0	0	0	
62776	7	11	0	0	0	0	
62777	11	0	0	0	0	0	
62778	7	11	0	0	0	0	
62779	2	11	0	0	0	0	
62780	7	11	0	0	0	0	
62781	11	0	0	0	0	0	
62782	11	0	0	0	0	0	
62783	11	0	0	0	0	0	
62784	11	0	0	0	0	0	
62785	7	11	0	0	0	0	
62786	2	11	0	0	0	0	
62787	7	11	0	0	0	0	
62788	11	0	0	0	0	0	
62789	11	0	0	0	0	0	
62790	2	7	11	0	0	0	
62791	11	0	0	0	0	0	
62792	11	0	0	0	0	0	
62793	11	0	0	0	0	0	
62794	11	0	0	0	0	0	
62795	11	0	0	0	0	0	
62796	11	0	0	0	0	0	
62797	11	0	0	0	0	0	
62798	2	3	11	0	0	0	
62799	7	11	0	0	0	0	
62800	11	0	0	0	0	0	
62801	11	0	0	0	0	0	
62802	2	7	11	0	0	0	
62803	11	0	0	0	0	0	
62804	11	0	0	0	0	0	
62805	11	0	0	0	0	0	
62806	11	0	0	0	0	0	
62807	7	11	0	0	0	0	
62808	2	7	11	0	0	0	
62809	11	0	0	0	0	0	
62810	2	11	0	0	0	0	
62811	11	0	0	0	0	0	
62812	7	11	0	0	0	0	
62813	11	0	0	0	0	0	
62814	11	0	0	0	0	0	
62815	7	11	0	0	0	0	
62816	7	11	0	0	0	0	
62817	11	0	0	0	0	0	
62818	7	11	0	0	0	0	
62819	7	11	0	0	0	0	
62820	2	7	11	0	0	0	
62821	2	3	11	0	0	0	
62822	11	0	0	0	0	0	
62823	7	11	0	0	0	0	
62824	11	0	0	0	0	0	
62825	11	0	0	0	0	0	
62826	11	0	0	0	0	0	
62827	11	0	0	0	0	0	
62828	11	0	0	0	0	0	
62829	11	0	0	0	0	0	
62830	11	0	0	0	0	0	
62831	11	0	0	0	0	0	
62832	7	11	0	0	0	0	
62833	7	11	0	0	0	0	
62834	11	0	0	0	0	0	
62835	11	0	0	0	0	0	
62836	11	0	0	0	0	0	
62837	7	11	0	0	0	0	
62838	11	0	0	0	0	0	
62839	11	0	0	0	0	0	
62840	11	0	0	0	0	0	
62841	11	0	0	0	0	0	
62842	11	0	0	0	0	0	
62843	7	11	0	0	0	0	
62844	11	0	0	0	0	0	
62845	7	11	0	0	0	0	
62846	11	0	0	0	0	0	
62847	2	7	11	0	0	0	
62848	11	0	0	0	0	0	
62849	11	0	0	0	0	0	
62850	2	7	11	0	0	0	
62851	11	0	0	0	0	0	
62852	11	0	0	0	0	0	
62853	7	11	0	0	0	0	
62854	11	0	0	0	0	0	
62855	11	0	0	0	0	0	
62856	7	11	0	0	0	0	
62857	2	7	11	0	0	0	
62858	2	3	11	0	0	0	
62859	11	0	0	0	0	0	
62860	11	0	0	0	0	0	
62861	11	0	0	0	0	0	
62862	11	0	0	0	0	0	
62863	2	3	11	0	0	0	
62864	7	11	0	0	0	0	
62865	7	11	0	0	0	0	
62866	11	0	0	0	0	0	
62867	11	0	0	0	0	0	
62868	7	11	0	0	0	0	
62869	11	0	0	0	0	0	
62870	11	0	0	0	0	0	
62871	11	0	0	0	0	0	
62872	7	11	0	0	0	0	
62873	11	0	0	0	0	0	
62874	7	11	0	0	0	0	
62875	11	0	0	0	0	0	
62876	11	0	0	0	0	0	
62877	11	0	0	0	0	0	
62878	2	3	11	0	0	0	
62879	11	0	0	0	0	0	
62880	11	0	0	0	0	0	
62881	11	0	0	0	0	0	
62882	11	0	0	0	0	0	
62883	11	0	0	0	0	0	
62884	11	0	0	0	0	0	
62885	7	11	0	0	0	0	
62886	11	0	0	0	0	0	
62887	11	0	0	0	0	0	
62888	11	0	0	0	0	0	
62889	7	11	0	0	0	0	
62890	11	0	0	0	0	0	
62891	11	0	0	0	0	0	
62892	2	7	11	0	0	0	
62893	11	0	0	0	0	0	
62894	11	0	0	0	0	0	
62895	11	0	0	0	0	0	
62896	11	0	0	0	0	0	
62897	11	0	0	0	0	0	
62898	11	0	0	0	0	0	
62899	2	7	11	0	0	0	
62900	11	0	0	0	0	0	
62901	2	3	11	0	0	0	
62902	11	0	0	0	0	0	
62903	11	0	0	0	0	0	
62904	2	7	11	0	0	0	
62905	11	0	0	0	0	0	
62906	11	0	0	0	0	0	
62907	11	0	0	0	0	0	
62908	7	11	0	0	0	0	
62909	11	0	0	0	0	0	
62910	11	0	0	0	0	0	
62911	11	0	0	0	0	0	
62912	2	3	11	0	0	0	
62913	7	11	0	0	0	0	
62914	11	0	0	0	0	0	
62915	11	0	0	0	0	0	
62916	2	3	11	0	0	0	
62917	11	0	0	0	0	0	
62918	11	0	0	0	0	0	
62919	11	0	0	0	0	0	
62920	2	7	11	0	0	0	
62921	11	0	0	0	0	0	
62922	11	0	0	0	0	0	
62923	7	11	0	0	0	0	
62924	11	0	0	0	0	0	
62925	11	0	0	0	0	0	
62926	7	11	0	0	0	0	
62927	11	0	0	0	0	0	
62928	11	0	0	0	0	0	
62929	11	0	0	0	0	0	
62930	11	0	0	0	0	0	
62931	7	0	0	0	0	0	
62932	0	0	0	0	0	0	
62933	0	0	0	0	0	0	
62934	0	0	0	0	0	0	
62935	0	0	0	0	0	0	
62936	0	0	0	0	0	0	
62937	0	0	0	0	0	0	
62938	0	0	0	0	0	0	
62939	0	0	0	0	0	0	
62940	0	0	0	0	0	0	
62941	0	0	0	0	0	0	
62942	0	0	0	0	0	0	
62943	0	0	0	0	0	0	
62944	0	0	0	0	0	0	
62945	7	0	0	0	0	0	
62946	7	0	0	0	0	0	
62947	7	0	0	0	0	0	
62948	0	0	0	0	0	0	
62949	0	0	0	0	0	0	
62950	0	0	0	0	0	0	
62951	2	3	0	0	0	0	
62952	0	0	0	0	0	0	
62953	2	0	0	0	0	0	
62954	0	0	0	0	0	0	
62955	0	0	0	0	0	0	
62956	0	0	0	0	0	0	
62957	0	0	0	0	0	0	
62958	0	0	0	0	0	0	
62959	0	0	0	0	0	0	
62960	0	0	0	0	0	0	
62961	0	0	0	0	0	0	
62962	0	0	0	0	0	0	
62963	0	0	0	0	0	0	
62964	0	0	0	0	0	0	
62965	0	0	0	0	0	0	
62966	0	0	0	0	0	0	
62967	0	0	0	0	0	0	
62968	0	0	0	0	0	0	
62969	0	0	0	0	0	0	
62970	0	0	0	0	0	0	
62971	0	0	0	0	0	0	
62972	0	0	0	0	0	0	
62973	7	0	0	0	0	0	
62974	2	0	0	0	0	0	
62975	2	0	0	0	0	0	
62976	7	10	0	0	0	0	
62977	0	0	0	0	0	0	
62978	2	0	0	0	0	0	
62979	2	7	0	0	0	0	
62980	2	3	4	0	0	0	
62981	0	0	0	0	0	0	
62982	2	0	0	0	0	0	
62983	0	0	0	0	0	0	
62984	7	0	0	0	0	0	
62985	7	0	0	0	0	0	
62986	0	0	0	0	0	0	
62987	2	7	0	0	0	0	
62988	0	0	0	0	0	0	
62989	2	7	0	0	0	0	
62990	0	0	0	0	0	0	
62991	0	0	0	0	0	0	
62992	2	3	0	0	0	0	
62993	2	7	0	0	0	0	
62994	2	7	0	0	0	0	
62995	0	0	0	0	0	0	
62996	0	0	0	0	0	0	
62997	7	0	0	0	0	0	
62998	0	0	0	0	0	0	
62999	0	0	0	0	0	0	
63000	2	0	0	0	0	0	
63001	7	0	0	0	0	0	
63002	0	0	0	0	0	0	
63003	2	7	0	0	0	0	
63004	0	0	0	0	0	0	
63005	0	0	0	0	0	0	
63006	2	7	0	0	0	0	
63007	7	0	0	0	0	0	
63008	0	0	0	0	0	0	
63009	7	0	0	0	0	0	
63010	0	0	0	0	0	0	
63011	0	0	0	0	0	0	
63011	0	0	0	0	0	0	
63012	0	0	0	0	0	0	
63013	0	0	0	0	0	0	
63014	0	0	0	0	0	0	
63015	0	0	0	0	0	0	
63016	0	0	0	0	0	0	
63017	2	7	0	0	0	0	
63018	0	0	0	0	0	0	
63019	0	0	0	0	0	0	
63020	7	0	0	0	0	0	
63021	2	7	0	0	0	0	
63022	0	0	0	0	0	0	
63023	0	0	0	0	0	0	
63024	2	0	0	0	0	0	
63025	7	0	0	0	0	0	
63026	2	3	0	0	0	0	
63027	7	0	0	0	0	0	
63028	0	0	0	0	0	0	
63029	0	0	0	0	0	0	
63030	0	0	0	0	0	0	
63031	7	0	0	0	0	0	
63032	7	0	0	0	0	0	
63033	7	0	0	0	0	0	
63034	7	0	0	0	0	0	
63035	0	0	0	0	0	0	
63036	0	0	0	0	0	0	
63037	0	0	0	0	0	0	
63038	7	0	0	0	0	0	
63039	7	0	0	0	0	0	
63040	0	0	0	0	0	0	
63041	0	0	0	0	0	0	
63042	7	0	0	0	0	0	
63043	0	0	0	0	0	0	
63044	7	0	0	0	0	0	
63045	0	0	0	0	0	0	
63046	2	7	0	0	0	0	
63047	0	0	0	0	0	0	
63048	7	0	0	0	0	0	
63049	2	0	0	0	0	0	
63050	7	0	0	0	0	0	
63051	7	0	0	0	0	0	
63052	2	7	10	0	0	0	
63053	7	0	0	0	0	0	
63054	2	7	0	0	0	0	
63055	7	0	0	0	0	0	
63056	7	0	0	0	0	0	
63057	7	0	0	0	0	0	
63058	7	0	0	0	0	0	
63059	7	0	0	0	0	0	
63060	7	0	0	0	0	0	
63061	2	7	10	0	0	0	
63061	2	7	10	0	0	0	
63062	7	0	0	0	0	0	
63063	7	0	0	0	0	0	
63064	7	0	0	0	0	0	
63065	7	0	0	0	0	0	
63066	7	0	0	0	0	0	
63067	2	7	0	0	0	0	
63068	7	0	0	0	0	0	
63069	2	7	0	0	0	0	
63070	2	7	0	0	0	0	
63071	7	10	0	0	0	0	
63072	7	0	0	0	0	0	
63073	7	0	0	0	0	0	
63074	2	7	0	0	0	0	
63075	0	0	0	0	0	0	
63076	0	0	0	0	0	0	
63077	7	0	0	0	0	0	
63078	7	0	0	0	0	0	
63079	0	0	0	0	0	0	
63080	7	0	0	0	0	0	
63081	7	0	0	0	0	0	
63082	2	7	0	0	0	0	
63082	2	7	0	0	0	0	
63083	7	0	0	0	0	0	
63084	7	0	0	0	0	0	
63085	0	0	0	0	0	0	
63086	7	0	0	0	0	0	
63087	2	0	0	0	0	0	
63088	2	0	0	0	0	0	
63089	7	0	0	0	0	0	
63090	2	0	0	0	0	0	
63091	0	0	0	0	0	0	
63092	7	0	0	0	0	0	
63093	0	0	0	0	0	0	
63094	7	0	0	0	0	0	
63095	2	7	0	0	0	0	
63096	2	3	7	0	0	0	
63097	2	3	4	7	0	0	
63098	7	0	0	0	0	0	
63099	7	0	0	0	0	0	
63100	2	7	0	0	0	0	
63101	0	0	0	0	0	0	
63102	7	0	0	0	0	0	
63103	0	0	0	0	0	0	
63104	0	0	0	0	0	0	
63105	0	0	0	0	0	0	
63106	0	0	0	0	0	0	
63107	0	0	0	0	0	0	
63108	0	0	0	0	0	0	
63109	2	7	0	0	0	0	
63110	2	7	0	0	0	0	
63111	0	0	0	0	0	0	
63112	7	0	0	0	0	0	
63113	7	0	0	0	0	0	
63114	0	0	0	0	0	0	
63115	7	0	0	0	0	0	
63116	7	0	0	0	0	0	
63117	0	0	0	0	0	0	
63118	0	0	0	0	0	0	
63119	0	0	0	0	0	0	
63120	0	0	0	0	0	0	
63121	0	0	0	0	0	0	
63122	0	0	0	0	0	0	
63123	0	0	0	0	0	0	
63124	7	0	0	0	0	0	
63125	0	0	0	0	0	0	
63126	0	0	0	0	0	0	
63127	0	0	0	0	0	0	
63128	0	0	0	0	0	0	
63129	2	3	7	0	0	0	
63130	2	7	0	0	0	0	
63131	2	0	0	0	0	0	
63132	0	0	0	0	0	0	
63133	2	0	0	0	0	0	
63134	2	7	0	0	0	0	
63135	0	0	0	0	0	0	
63136	2	0	0	0	0	0	
63137	7	0	0	0	0	0	
63138	2	7	0	0	0	0	
63139	0	0	0	0	0	0	
63140	2	7	0	0	0	0	
63141	0	0	0	0	0	0	
63142	0	0	0	0	0	0	
63143	0	0	0	0	0	0	
63144	0	0	0	0	0	0	
63145	0	0	0	0	0	0	
63146	0	0	0	0	0	0	
63147	0	0	0	0	0	0	
63148	0	0	0	0	0	0	
63149	0	0	0	0	0	0	
63150	0	0	0	0	0	0	
63151	2	0	0	0	0	0	
63152	0	0	0	0	0	0	
63153	0	0	0	0	0	0	
63154	0	0	0	0	0	0	
63155	0	0	0	0	0	0	
63156	2	0	0	0	0	0	
63157	0	0	0	0	0	0	
63158	0	0	0	0	0	0	
63159	0	0	0	0	0	0	
63160	2	3	0	0	0	0	
63161	0	0	0	0	0	0	
63162	0	0	0	0	0	0	
63163	0	0	0	0	0	0	
63164	0	0	0	0	0	0	
63165	0	0	0	0	0	0	
63166	0	0	0	0	0	0	
63167	0	0	0	0	0	0	
63168	0	0	0	0	0	0	
63169	0	0	0	0	0	0	
63170	0	0	0	0	0	0	
63171	0	0	0	0	0	0	
63172	0	0	0	0	0	0	
63173	2	0	0	0	0	0	
63173	2	0	0	0	0	0	
63174	0	0	0	0	0	0	
63175	0	0	0	0	0	0	
63176	0	0	0	0	0	0	
63177	0	0	0	0	0	0	
63178	0	0	0	0	0	0	
63179	0	0	0	0	0	0	
63180	7	0	0	0	0	0	
63181	0	0	0	0	0	0	
63182	0	0	0	0	0	0	
63183	0	0	0	0	0	0	
63184	0	0	0	0	0	0	
63185	0	0	0	0	0	0	
63186	0	0	0	0	0	0	
63187	0	0	0	0	0	0	
63188	7	0	0	0	0	0	
63189	0	0	0	0	0	0	
63190	0	0	0	0	0	0	
63191	0	0	0	0	0	0	
63192	0	0	0	0	0	0	
63193	0	0	0	0	0	0	
63194	0	0	0	0	0	0	
63195	0	0	0	0	0	0	
63196	0	0	0	0	0	0	
63197	0	0	0	0	0	0	
63198	2	0	0	0	0	0	
63199	0	0	0	0	0	0	
63200	0	0	0	0	0	0	
63201	0	0	0	0	0	0	
63202	0	0	0	0	0	0	
63203	0	0	0	0	0	0	
63204	0	0	0	0	0	0	
63205	0	0	0	0	0	0	
63206	0	0	0	0	0	0	
63207	0	0	0	0	0	0	
63208	0	0	0	0	0	0	
63209	0	0	0	0	0	0	
63210	0	0	0	0	0	0	
63211	0	0	0	0	0	0	
63212	0	0	0	0	0	0	
63213	2	7	0	0	0	0	
63214	0	0	0	0	0	0	
63215	7	0	0	0	0	0	
63216	0	0	0	0	0	0	
63217	0	0	0	0	0	0	
63218	2	7	0	0	0	0	
63219	2	7	0	0	0	0	
63220	0	0	0	0	0	0	
63221	7	0	0	0	0	0	
63222	2	7	0	0	0	0	
63223	7	0	0	0	0	0	
63224	2	7	0	0	0	0	
63225	7	0	0	0	0	0	
63226	7	0	0	0	0	0	
63227	0	0	0	0	0	0	
63228	0	0	0	0	0	0	
63229	0	0	0	0	0	0	
63230	2	0	0	0	0	0	
63231	0	0	0	0	0	0	
63232	0	0	0	0	0	0	
63233	2	3	0	0	0	0	
63234	0	0	0	0	0	0	
63235	2	7	0	0	0	0	
63236	2	7	0	0	0	0	
63237	2	0	0	0	0	0	
63238	7	0	0	0	0	0	
63239	2	7	0	0	0	0	
63240	0	0	0	0	0	0	
63241	0	0	0	0	0	0	
63242	0	0	0	0	0	0	
63243	2	0	0	0	0	0	
63244	7	0	0	0	0	0	
63245	2	7	0	0	0	0	
63246	2	7	0	0	0	0	
63247	7	0	0	0	0	0	
63248	2	7	0	0	0	0	
63249	0	0	0	0	0	0	
63250	7	0	0	0	0	0	
63251	0	0	0	0	0	0	
63252	2	0	0	0	0	0	
63253	7	0	0	0	0	0	
63254	0	0	0	0	0	0	
63255	2	3	4	7	0	0	
63256	2	3	7	0	0	0	
63257	0	0	0	0	0	0	
63258	7	0	0	0	0	0	
63259	7	0	0	0	0	0	
63260	2	7	0	0	0	0	
63261	2	7	0	0	0	0	
63262	0	0	0	0	0	0	
63263	0	0	0	0	0	0	
63264	0	0	0	0	0	0	
63265	0	0	0	0	0	0	
63266	2	0	0	0	0	0	
63267	0	0	0	0	0	0	
63268	0	0	0	0	0	0	
63269	2	7	0	0	0	0	
63270	0	0	0	0	0	0	
63271	2	0	0	0	0	0	
63272	2	7	0	0	0	0	
63273	2	0	0	0	0	0	
63274	0	0	0	0	0	0	
63275	0	0	0	0	0	0	
63276	7	10	0	0	0	0	
63277	7	0	0	0	0	0	
63278	0	0	0	0	0	0	
63279	0	0	0	0	0	0	
63280	2	3	7	10	0	0	
63281	0	0	0	0	0	0	
63282	0	0	0	0	0	0	
63283	2	7	0	0	0	0	
63284	7	0	0	0	0	0	
63285	0	0	0	0	0	0	
63286	2	7	0	0	0	0	
63287	0	0	0	0	0	0	
63288	7	0	0	0	0	0	
63289	0	0	0	0	0	0	
63290	2	3	4	7	0	0	
63291	7	0	0	0	0	0	
63292	7	0	0	0	0	0	
63293	7	0	0	0	0	0	
63294	7	0	0	0	0	0	
63295	0	0	0	0	0	0	
63296	2	3	7	0	0	0	
63297	7	0	0	0	0	0	
63298	0	0	0	0	0	0	
63299	7	0	0	0	0	0	
63300	7	0	0	0	0	0	
63301	7	0	0	0	0	0	
63302	2	3	7	0	0	0	
63303	0	0	0	0	0	0	
63304	7	0	0	0	0	0	
63305	0	0	0	0	0	0	
63306	0	0	0	0	0	0	
63307	0	0	0	0	0	0	
63308	0	0	0	0	0	0	
63309	0	0	0	0	0	0	
63310	7	0	0	0	0	0	
63311	7	0	0	0	0	0	
63312	2	0	0	0	0	0	
63313	0	0	0	0	0	0	
63314	0	0	0	0	0	0	
63315	0	0	0	0	0	0	
63316	0	0	0	0	0	0	
63317	0	0	0	0	0	0	
63318	0	0	0	0	0	0	
63319	0	0	0	0	0	0	
63320	0	0	0	0	0	0	
63321	7	0	0	0	0	0	
63322	2	7	0	0	0	0	
63323	7	0	0	0	0	0	
63324	7	10	0	0	0	0	
63325	0	0	0	0	0	0	
63326	7	10	0	0	0	0	
63327	0	0	0	0	0	0	
63328	2	0	0	0	0	0	
63329	2	3	7	0	0	0	
63330	7	0	0	0	0	0	
63331	0	0	0	0	0	0	
63332	0	0	0	0	0	0	
63333	0	0	0	0	0	0	
63334	7	0	0	0	0	0	
63335	0	0	0	0	0	0	
63336	0	0	0	0	0	0	
63337	0	0	0	0	0	0	
63338	2	7	0	0	0	0	
63339	0	0	0	0	0	0	
63340	2	0	0	0	0	0	
63341	0	0	0	0	0	0	
63342	7	0	0	0	0	0	
63343	0	0	0	0	0	0	
63344	0	0	0	0	0	0	
63345	0	0	0	0	0	0	
63346	0	0	0	0	0	0	
63347	0	0	0	0	0	0	
63348	0	0	0	0	0	0	
63349	0	0	0	0	0	0	
63350	0	0	0	0	0	0	
63351	2	3	0	0	0	0	
63352	0	0	0	0	0	0	
63353	0	0	0	0	0	0	
63354	0	0	0	0	0	0	
63355	0	0	0	0	0	0	
63356	2	7	0	0	0	0	
63357	0	0	0	0	0	0	
63358	0	0	0	0	0	0	
63359	0	0	0	0	0	0	
63360	0	0	0	0	0	0	
63361	0	0	0	0	0	0	
63362	0	0	0	0	0	0	
63363	0	0	0	0	0	0	
63364	0	0	0	0	0	0	
63365	0	0	0	0	0	0	
63366	2	7	0	0	0	0	
63367	0	0	0	0	0	0	
63368	0	0	0	0	0	0	
63369	0	0	0	0	0	0	
63370	7	0	0	0	0	0	
63371	0	0	0	0	0	0	
63372	0	0	0	0	0	0	
63373	0	0	0	0	0	0	
63374	0	0	0	0	0	0	
63375	0	0	0	0	0	0	
63376	0	0	0	0	0	0	
63377	0	0	0	0	0	0	
63378	7	0	0	0	0	0	
63379	7	0	0	0	0	0	
63380	2	7	0	0	0	0	
63381	0	0	0	0	0	0	
63382	2	0	0	0	0	0	
63383	0	0	0	0	0	0	
63384	0	0	0	0	0	0	
63385	0	0	0	0	0	0	
63386	0	0	0	0	0	0	
63387	0	0	0	0	0	0	
63388	0	0	0	0	0	0	
63389	0	0	0	0	0	0	
63390	0	0	0	0	0	0	
63391	0	0	0	0	0	0	
63392	0	0	0	0	0	0	
63393	0	0	0	0	0	0	
63394	0	0	0	0	0	0	
63395	0	0	0	0	0	0	
63396	0	0	0	0	0	0	
63397	0	0	0	0	0	0	
63398	0	0	0	0	0	0	
63399	0	0	0	0	0	0	
63400	0	0	0	0	0	0	
63401	0	0	0	0	0	0	
63402	0	0	0	0	0	0	
63403	0	0	0	0	0	0	
63404	2	0	0	0	0	0	
63405	0	0	0	0	0	0	
63406	0	0	0	0	0	0	
63407	7	0	0	0	0	0	
63408	0	0	0	0	0	0	
63409	0	0	0	0	0	0	
63410	0	0	0	0	0	0	
63411	0	0	0	0	0	0	
63412	0	0	0	0	0	0	
63413	0	0	0	0	0	0	
63414	0	0	0	0	0	0	
63415	2	0	0	0	0	0	
63416	0	0	0	0	0	0	
63417	0	0	0	0	0	0	
63418	0	0	0	0	0	0	
63419	0	0	0	0	0	0	
63420	0	0	0	0	0	0	
63421	2	0	0	0	0	0	
63422	0	0	0	0	0	0	
63423	0	0	0	0	0	0	
63424	0	0	0	0	0	0	
63425	0	0	0	0	0	0	
63426	0	0	0	0	0	0	
63427	0	0	0	0	0	0	
63428	0	0	0	0	0	0	
63429	0	0	0	0	0	0	
63430	0	0	0	0	0	0	
63431	7	0	0	0	0	0	
63432	0	0	0	0	0	0	
63433	0	0	0	0	0	0	
63434	0	0	0	0	0	0	
63435	0	0	0	0	0	0	
63436	2	7	0	0	0	0	
63437	0	0	0	0	0	0	
63438	0	0	0	0	0	0	
63439	0	0	0	0	0	0	
63440	0	0	0	0	0	0	
63441	0	0	0	0	0	0	
63442	7	0	0	0	0	0	
63443	0	0	0	0	0	0	
63444	0	0	0	0	0	0	
63445	0	0	0	0	0	0	
63446	0	0	0	0	0	0	
63447	0	0	0	0	0	0	
63448	0	0	0	0	0	0	
63449	7	0	0	0	0	0	
63450	0	0	0	0	0	0	
63451	0	0	0	0	0	0	
63452	0	0	0	0	0	0	
63453	0	0	0	0	0	0	
63454	0	0	0	0	0	0	
63455	7	0	0	0	0	0	
63456	0	0	0	0	0	0	
63457	0	0	0	0	0	0	
63458	0	0	0	0	0	0	
63459	0	0	0	0	0	0	
63460	0	0	0	0	0	0	
63461	0	0	0	0	0	0	
63462	0	0	0	0	0	0	
63463	0	0	0	0	0	0	
63464	0	0	0	0	0	0	
63465	0	0	0	0	0	0	
63466	0	0	0	0	0	0	
63467	0	0	0	0	0	0	
63468	0	0	0	0	0	0	
63469	0	0	0	0	0	0	
63470	0	0	0	0	0	0	
63471	0	0	0	0	0	0	
63472	0	0	0	0	0	0	
63473	0	0	0	0	0	0	
63474	0	0	0	0	0	0	
63475	0	0	0	0	0	0	
63476	0	0	0	0	0	0	
63477	0	0	0	0	0	0	
63478	0	0	0	0	0	0	
63479	0	0	0	0	0	0	
63480	0	0	0	0	0	0	
63481	0	0	0	0	0	0	
63482	0	0	0	0	0	0	
63483	0	0	0	0	0	0	
63484	0	0	0	0	0	0	
63485	0	0	0	0	0	0	
63486	0	0	0	0	0	0	
63487	0	0	0	0	0	0	
63488	0	0	0	0	0	0	
63489	0	0	0	0	0	0	
63490	0	0	0	0	0	0	
63491	0	0	0	0	0	0	
63492	0	0	0	0	0	0	
63493	0	0	0	0	0	0	
63494	0	0	0	0	0	0	
63495	0	0	0	0	0	0	
63496	0	0	0	0	0	0	
63497	0	0	0	0	0	0	
63498	0	0	0	0	0	0	
63499	0	0	0	0	0	0	
63500	0	0	0	0	0	0	
63501	0	0	0	0	0	0	
63502	0	0	0	0	0	0	
63503	0	0	0	0	0	0	
63504	0	0	0	0	0	0	
63505	0	0	0	0	0	0	
63506	0	0	0	0	0	0	
63507	0	0	0	0	0	0	
63508	0	0	0	0	0	0	
63509	0	0	0	0	0	0	
63510	0	0	0	0	0	0	
63511	0	0	0	0	0	0	
63512	0	0	0	0	0	0	
63513	0	0	0	0	0	0	
63514	0	0	0	0	0	0	
63515	0	0	0	0	0	0	
63516	0	0	0	0	0	0	
63517	0	0	0	0	0	0	
63518	0	0	0	0	0	0	
63519	7	0	0	0	0	0	
63520	7	0	0	0	0	0	
63521	7	0	0	0	0	0	
63522	7	0	0	0	0	0	
63523	7	0	0	0	0	0	
63524	7	0	0	0	0	0	
63525	0	0	0	0	0	0	
63526	0	0	0	0	0	0	
63527	7	0	0	0	0	0	
63528	7	0	0	0	0	0	
63529	7	0	0	0	0	0	
63530	0	0	0	0	0	0	
63531	0	0	0	0	0	0	
63532	0	0	0	0	0	0	
63533	2	7	0	0	0	0	
63534	0	0	0	0	0	0	
63535	2	0	0	0	0	0	
63536	2	7	0	0	0	0	
63537	0	0	0	0	0	0	
63538	2	3	0	0	0	0	
63539	7	0	0	0	0	0	
63540	0	0	0	0	0	0	
63541	0	0	0	0	0	0	
63542	0	0	0	0	0	0	
63543	2	7	0	0	0	0	
63544	7	0	0	0	0	0	
63545	2	7	0	0	0	0	
63546	7	0	0	0	0	0	
63547	7	0	0	0	0	0	
63548	7	0	0	0	0	0	
63549	0	0	0	0	0	0	
63550	7	0	0	0	0	0	
63551	0	0	0	0	0	0	
63552	7	0	0	0	0	0	
63553	2	7	0	0	0	0	
63554	0	0	0	0	0	0	
63555	7	0	0	0	0	0	
63556	0	0	0	0	0	0	
63557	2	0	0	0	0	0	
63558	2	3	0	0	0	0	
63559	0	0	0	0	0	0	
63560	7	0	0	0	0	0	
63561	2	3	7	0	0	0	
63562	0	0	0	0	0	0	
63563	0	0	0	0	0	0	
63564	0	0	0	0	0	0	
63565	0	0	0	0	0	0	
63566	0	0	0	0	0	0	
63567	0	0	0	0	0	0	
63568	7	0	0	0	0	0	
63569	7	0	0	0	0	0	
63570	2	7	0	0	0	0	
63571	0	0	0	0	0	0	
63572	0	0	0	0	0	0	
63573	0	0	0	0	0	0	
63574	7	0	0	0	0	0	
63575	0	0	0	0	0	0	
63576	0	0	0	0	0	0	
63577	0	0	0	0	0	0	
63578	0	0	0	0	0	0	
63579	2	0	0	0	0	0	
63580	0	0	0	0	0	0	
63581	2	0	0	0	0	0	
63582	0	0	0	0	0	0	
63583	0	0	0	0	0	0	
63584	2	7	0	0	0	0	
63585	0	0	0	0	0	0	
63586	0	0	0	0	0	0	
63587	0	0	0	0	0	0	
63588	0	0	0	0	0	0	
63589	0	0	0	0	0	0	
63590	0	0	0	0	0	0	
63591	0	0	0	0	0	0	
63592	0	0	0	0	0	0	
63593	0	0	0	0	0	0	
63594	0	0	0	0	0	0	
63595	0	0	0	0	0	0	
63596	0	0	0	0	0	0	
63597	2	7	0	0	0	0	
63598	7	0	0	0	0	0	
63599	7	0	0	0	0	0	
63600	0	0	0	0	0	0	
63601	7	0	0	0	0	0	
63602	0	0	0	0	0	0	
63603	7	0	0	0	0	0	
63604	7	0	0	0	0	0	
63605	7	0	0	0	0	0	
63606	7	0	0	0	0	0	
63607	7	0	0	0	0	0	
63608	7	0	0	0	0	0	
63609	0	0	0	0	0	0	
63610	2	7	0	0	0	0	
63611	7	0	0	0	0	0	
63612	2	7	0	0	0	0	
63613	7	0	0	0	0	0	
63614	0	0	0	0	0	0	
63615	7	0	0	0	0	0	
63616	7	0	0	0	0	0	
63617	2	3	7	0	0	0	
63618	2	7	0	0	0	0	
63619	7	0	0	0	0	0	
63620	7	0	0	0	0	0	
63621	0	0	0	0	0	0	
63622	7	0	0	0	0	0	
63623	7	0	0	0	0	0	
63624	7	0	0	0	0	0	
63625	7	0	0	0	0	0	
63626	2	7	0	0	0	0	
63627	7	0	0	0	0	0	
63628	7	0	0	0	0	0	
63629	0	0	0	0	0	0	
63630	2	7	0	0	0	0	
63631	7	0	0	0	0	0	
63632	7	0	0	0	0	0	
63633	7	0	0	0	0	0	
63634	0	0	0	0	0	0	
63635	0	0	0	0	0	0	
63636	0	0	0	0	0	0	
63637	0	0	0	0	0	0	
63638	0	0	0	0	0	0	
63639	0	0	0	0	0	0	
63640	0	0	0	0	0	0	
63641	0	0	0	0	0	0	
63642	2	0	0	0	0	0	
63643	0	0	0	0	0	0	
63644	0	0	0	0	0	0	
63645	0	0	0	0	0	0	
63646	0	0	0	0	0	0	
63647	0	0	0	0	0	0	
63648	0	0	0	0	0	0	
63649	0	0	0	0	0	0	
63650	0	0	0	0	0	0	
63651	0	0	0	0	0	0	
63652	2	7	0	0	0	0	
63653	7	0	0	0	0	0	
63654	2	7	0	0	0	0	
63655	7	0	0	0	0	0	
63656	0	0	0	0	0	0	
63657	7	0	0	0	0	0	
63658	7	0	0	0	0	0	
63659	0	0	0	0	0	0	
63660	0	0	0	0	0	0	
63661	0	0	0	0	0	0	
63662	7	0	0	0	0	0	
63663	0	0	0	0	0	0	
63664	0	0	0	0	0	0	
63665	7	0	0	0	0	0	
63666	0	0	0	0	0	0	
63667	0	0	0	0	0	0	
63668	0	0	0	0	0	0	
63669	0	0	0	0	0	0	
63670	0	0	0	0	0	0	
63671	0	0	0	0	0	0	
63672	0	0	0	0	0	0	
63673	0	0	0	0	0	0	
63674	0	0	0	0	0	0	
63675	7	0	0	0	0	0	
63676	0	0	0	0	0	0	
63677	0	0	0	0	0	0	
63678	2	7	0	0	0	0	
63679	2	3	7	0	0	0	
63680	0	0	0	0	0	0	
63681	0	0	0	0	0	0	
63682	0	0	0	0	0	0	
63683	7	0	0	0	0	0	
63684	0	0	0	0	0	0	
63685	0	0	0	0	0	0	
63686	0	0	0	0	0	0	
63687	0	0	0	0	0	0	
63688	0	0	0	0	0	0	
63689	2	7	0	0	0	0	
63690	7	0	0	0	0	0	
63691	0	0	0	0	0	0	
63692	0	0	0	0	0	0	
63693	0	0	0	0	0	0	
63694	0	0	0	0	0	0	
63695	0	0	0	0	0	0	
63696	7	0	0	0	0	0	
63697	0	0	0	0	0	0	
63698	0	0	0	0	0	0	
63699	0	0	0	0	0	0	
63700	0	0	0	0	0	0	
63701	0	0	0	0	0	0	
63702	0	0	0	0	0	0	
63703	0	0	0	0	0	0	
63704	0	0	0	0	0	0	
63705	0	0	0	0	0	0	
63706	0	0	0	0	0	0	
63707	0	0	0	0	0	0	
63708	0	0	0	0	0	0	
63709	0	0	0	0	0	0	
63710	0	0	0	0	0	0	
63711	0	0	0	0	0	0	
63712	0	0	0	0	0	0	
63713	0	0	0	0	0	0	
63714	0	0	0	0	0	0	
63715	0	0	0	0	0	0	
63716	0	0	0	0	0	0	
63717	7	0	0	0	0	0	
63718	2	7	0	0	0	0	
63719	0	0	0	0	0	0	
63720	0	0	0	0	0	0	
63721	7	0	0	0	0	0	
63722	7	0	0	0	0	0	
63723	0	0	0	0	0	0	
63724	0	0	0	0	0	0	
63725	0	0	0	0	0	0	
63726	0	0	0	0	0	0	
63727	2	7	0	0	0	0	
63728	0	0	0	0	0	0	
63729	0	0	0	0	0	0	
63730	0	0	0	0	0	0	
63731	0	0	0	0	0	0	
63732	0	0	0	0	0	0	
63733	0	0	0	0	0	0	
63734	0	0	0	0	0	0	
63735	2	7	0	0	0	0	
63736	0	0	0	0	0	0	
63737	0	0	0	0	0	0	
63738	0	0	0	0	0	0	
63739	0	0	0	0	0	0	
63740	7	0	0	0	0	0	
63741	0	0	0	0	0	0	
63742	2	7	0	0	0	0	
63743	0	0	0	0	0	0	
63744	0	0	0	0	0	0	
63745	7	0	0	0	0	0	
63746	0	0	0	0	0	0	
63747	0	0	0	0	0	0	
63748	2	7	0	0	0	0	
63749	7	0	0	0	0	0	
63750	7	0	0	0	0	0	
63751	7	0	0	0	0	0	
63752	7	0	0	0	0	0	
63753	0	0	0	0	0	0	
63754	0	0	0	0	0	0	
63755	7	0	0	0	0	0	
63756	7	0	0	0	0	0	
63757	7	0	0	0	0	0	
63758	2	3	4	7	0	0	
63759	2	3	4	7	0	0	
63760	0	0	0	0	0	0	
63761	0	0	0	0	0	0	
63762	0	0	0	0	0	0	
63763	7	0	0	0	0	0	
63764	0	0	0	0	0	0	
63765	7	0	0	0	0	0	
63766	0	0	0	0	0	0	
63767	0	0	0	0	0	0	
63768	2	7	0	0	0	0	
63769	0	0	0	0	0	0	
63770	0	0	0	0	0	0	
63771	7	0	0	0	0	0	
63772	0	0	0	0	0	0	
63773	0	0	0	0	0	0	
63774	2	3	7	0	0	0	
63775	7	0	0	0	0	0	
63776	0	0	0	0	0	0	
63777	0	0	0	0	0	0	
63778	2	3	4	0	0	0	
63779	0	0	0	0	0	0	
63780	7	0	0	0	0	0	
63781	0	0	0	0	0	0	
63782	0	0	0	0	0	0	
63783	0	0	0	0	0	0	
63784	0	0	0	0	0	0	
63785	0	0	0	0	0	0	
63786	2	3	4	0	0	0	
63787	0	0	0	0	0	0	
63788	0	0	0	0	0	0	
63789	0	0	0	0	0	0	
63790	2	3	4	0	0	0	
63791	0	0	0	0	0	0	
63792	0	0	0	0	0	0	
63793	7	0	0	0	0	0	
63794	7	0	0	0	0	0	
63795	0	0	0	0	0	0	
63796	0	0	0	0	0	0	
63797	0	0	0	0	0	0	
63798	7	0	0	0	0	0	
63799	7	0	0	0	0	0	
63800	0	0	0	0	0	0	
63801	0	0	0	0	0	0	
63802	0	0	0	0	0	0	
63803	0	0	0	0	0	0	
63804	29	0	0	0	0	0	
63805	0	0	0	0	0	0	
63806	7	0	0	0	0	0	
63807	7	0	0	0	0	0	
63808	7	0	0	0	0	0	
63809	7	0	0	0	0	0	
63810	0	0	0	0	0	0	
63811	0	0	0	0	0	0	
63812	0	0	0	0	0	0	
63813	0	0	0	0	0	0	
63814	0	0	0	0	0	0	
63815	0	0	0	0	0	0	
63816	0	0	0	0	0	0	
63817	0	0	0	0	0	0	
63818	2	7	0	0	0	0	
63819	0	0	0	0	0	0	
63820	0	0	0	0	0	0	
63821	2	0	0	0	0	0	
63822	0	0	0	0	0	0	
63823	2	7	0	0	0	0	
63824	0	0	0	0	0	0	
63825	7	0	0	0	0	0	
63826	7	0	0	0	0	0	
63827	7	0	0	0	0	0	
63828	0	0	0	0	0	0	
63829	0	0	0	0	0	0	
63830	0	0	0	0	0	0	
63831	7	0	0	0	0	0	
63832	0	0	0	0	0	0	
63833	7	0	0	0	0	0	
63834	2	7	0	0	0	0	
63835	0	0	0	0	0	0	
63836	0	0	0	0	0	0	
63837	0	0	0	0	0	0	
63838	0	0	0	0	0	0	
63839	0	0	0	0	0	0	
63840	0	0	0	0	0	0	
63841	0	0	0	0	0	0	
63842	0	0	0	0	0	0	
63843	0	0	0	0	0	0	
63844	0	0	0	0	0	0	
63845	0	0	0	0	0	0	
63846	0	0	0	0	0	0	
63847	0	0	0	0	0	0	
63848	2	7	0	0	0	0	
63849	0	0	0	0	0	0	
63850	0	0	0	0	0	0	
63851	0	0	0	0	0	0	
63852	2	7	0	0	0	0	
63853	0	0	0	0	0	0	
63854	0	0	0	0	0	0	
63855	0	0	0	0	0	0	
63856	0	0	0	0	0	0	
63857	0	0	0	0	0	0	
63858	0	0	0	0	0	0	
63859	0	0	0	0	0	0	
63860	0	0	0	0	0	0	
63861	0	0	0	0	0	0	
63862	0	0	0	0	0	0	
63863	0	0	0	0	0	0	
63864	2	3	7	0	0	0	
63865	0	0	0	0	0	0	
63866	7	0	0	0	0	0	
63867	2	7	0	0	0	0	
63868	7	0	0	0	0	0	
63869	2	3	4	0	0	0	
63870	7	0	0	0	0	0	
63871	0	0	0	0	0	0	
63872	0	0	0	0	0	0	
63873	0	0	0	0	0	0	
63874	0	0	0	0	0	0	
63875	7	0	0	0	0	0	
63876	0	0	0	0	0	0	
63877	0	0	0	0	0	0	
63878	7	0	0	0	0	0	
63879	0	0	0	0	0	0	
63880	7	0	0	0	0	0	
63881	0	0	0	0	0	0	
63882	0	0	0	0	0	0	
63883	2	7	0	0	0	0	
63884	0	0	0	0	0	0	
63885	0	0	0	0	0	0	
63886	7	0	0	0	0	0	
63887	0	0	0	0	0	0	
63888	0	0	0	0	0	0	
63889	2	7	0	0	0	0	
63889	2	7	0	0	0	0	
63890	0	0	0	0	0	0	
63891	0	0	0	0	0	0	
63892	0	0	0	0	0	0	
63893	0	0	0	0	0	0	
63894	0	0	0	0	0	0	
63895	2	7	0	0	0	0	
63896	0	0	0	0	0	0	
63897	0	0	0	0	0	0	
63898	0	0	0	0	0	0	
63899	2	0	0	0	0	0	
63900	0	0	0	0	0	0	
63901	0	0	0	0	0	0	
63902	0	0	0	0	0	0	
63903	0	0	0	0	0	0	
63904	0	0	0	0	0	0	
63905	0	0	0	0	0	0	
63906	0	0	0	0	0	0	
63907	0	0	0	0	0	0	
63908	0	0	0	0	0	0	
63909	2	0	0	0	0	0	
63910	7	0	0	0	0	0	
63911	0	0	0	0	0	0	
63912	0	0	0	0	0	0	
63913	0	0	0	0	0	0	
63914	0	0	0	0	0	0	
63915	7	0	0	0	0	0	
63916	2	7	0	0	0	0	
63917	0	0	0	0	0	0	
63918	0	0	0	0	0	0	
63919	0	0	0	0	0	0	
63920	0	0	0	0	0	0	
63921	0	0	0	0	0	0	
63922	7	0	0	0	0	0	
63923	0	0	0	0	0	0	
63924	0	0	0	0	0	0	
63925	0	0	0	0	0	0	
63926	0	0	0	0	0	0	
63927	0	0	0	0	0	0	
63928	2	7	0	0	0	0	
63929	0	0	0	0	0	0	
63930	7	0	0	0	0	0	
63931	0	0	0	0	0	0	
63932	0	0	0	0	0	0	
63933	0	0	0	0	0	0	
63934	7	0	0	0	0	0	
63935	0	0	0	0	0	0	
63936	2	7	0	0	0	0	
63937	0	0	0	0	0	0	
63938	0	0	0	0	0	0	
63939	0	0	0	0	0	0	
63940	0	0	0	0	0	0	
63941	7	0	0	0	0	0	
63942	0	0	0	0	0	0	
63943	0	0	0	0	0	0	
63944	0	0	0	0	0	0	
63945	0	0	0	0	0	0	
63946	0	0	0	0	0	0	
63947	0	0	0	0	0	0	
63948	0	0	0	0	0	0	
63949	7	0	0	0	0	0	
63950	7	0	0	0	0	0	
63951	0	0	0	0	0	0	
63952	0	0	0	0	0	0	
63953	0	0	0	0	0	0	
63954	0	0	0	0	0	0	
63955	0	0	0	0	0	0	
63956	0	0	0	0	0	0	
63957	0	0	0	0	0	0	
63958	0	0	0	0	0	0	
63959	0	0	0	0	0	0	
63960	0	0	0	0	0	0	
63961	0	0	0	0	0	0	
63962	0	0	0	0	0	0	
63963	0	0	0	0	0	0	
63964	2	7	0	0	0	0	
63965	2	7	0	0	0	0	
63966	0	0	0	0	0	0	
63967	0	0	0	0	0	0	
63968	0	0	0	0	0	0	
63969	0	0	0	0	0	0	
63970	0	0	0	0	0	0	
63971	0	0	0	0	0	0	
63972	0	0	0	0	0	0	
63973	0	0	0	0	0	0	
63974	0	0	0	0	0	0	
63975	0	0	0	0	0	0	
63976	7	0	0	0	0	0	
63977	7	0	0	0	0	0	
63978	7	0	0	0	0	0	
63979	0	0	0	0	0	0	
63980	0	0	0	0	0	0	
63981	0	0	0	0	0	0	
63982	0	0	0	0	0	0	
63983	0	0	0	0	0	0	
63984	0	0	0	0	0	0	
63985	0	0	0	0	0	0	
63986	0	0	0	0	0	0	
63987	0	0	0	0	0	0	
63988	0	0	0	0	0	0	
63989	0	0	0	0	0	0	
63990	0	0	0	0	0	0	
63991	0	0	0	0	0	0	
63992	0	0	0	0	0	0	
63993	0	0	0	0	0	0	
63994	0	0	0	0	0	0	
63995	7	0	0	0	0	0	
63996	0	0	0	0	0	0	
63997	0	0	0	0	0	0	
63998	0	0	0	0	0	0	
63999	0	0	0	0	0	0	
64000	0	0	0	0	0	0	
64001	0	0	0	0	0	0	
64002	7	0	0	0	0	0	
64003	0	0	0	0	0	0	
64004	0	0	0	0	0	0	
64005	0	0	0	0	0	0	
64006	7	0	0	0	0	0	
64007	2	7	0	0	0	0	
64008	0	0	0	0	0	0	
64009	0	0	0	0	0	0	
64010	2	3	7	0	0	0	
64011	0	0	0	0	0	0	
64012	0	0	0	0	0	0	
64013	0	0	0	0	0	0	
64014	7	0	0	0	0	0	
64015	0	0	0	0	0	0	
64016	0	0	0	0	0	0	
64017	2	7	0	0	0	0	
64018	7	0	0	0	0	0	
64019	2	7	0	0	0	0	
64020	2	7	0	0	0	0	
64021	7	0	0	0	0	0	
64022	2	3	4	7	0	0	
64023	2	3	4	7	0	0	
64024	2	7	0	0	0	0	
64025	0	0	0	0	0	0	
64026	7	0	0	0	0	0	
64027	0	0	0	0	0	0	
64028	7	0	0	0	0	0	
64029	0	0	0	0	0	0	
64030	0	0	0	0	0	0	
64031	2	7	0	0	0	0	
64032	0	0	0	0	0	0	
64033	0	0	0	0	0	0	
64034	0	0	0	0	0	0	
64035	0	0	0	0	0	0	
64036	0	0	0	0	0	0	
64037	0	0	0	0	0	0	
64038	0	0	0	0	0	0	
64039	2	3	0	0	0	0	
64040	0	0	0	0	0	0	
64041	0	0	0	0	0	0	
64042	2	3	4	0	0	0	
64043	0	0	0	0	0	0	
64044	0	0	0	0	0	0	
64045	0	0	0	0	0	0	
64046	7	0	0	0	0	0	
64047	0	0	0	0	0	0	
64048	0	0	0	0	0	0	
64049	0	0	0	0	0	0	
64050	7	0	0	0	0	0	
64051	0	0	0	0	0	0	
64052	0	0	0	0	0	0	
64053	0	0	0	0	0	0	
64054	0	0	0	0	0	0	
64055	0	0	0	0	0	0	
64056	0	0	0	0	0	0	
64057	0	0	0	0	0	0	
64058	0	0	0	0	0	0	
64059	0	0	0	0	0	0	
64060	7	0	0	0	0	0	
64061	2	7	0	0	0	0	
64062	0	0	0	0	0	0	
64063	7	0	0	0	0	0	
64064	0	0	0	0	0	0	
64065	2	7	0	0	0	0	
64066	2	3	0	0	0	0	
64067	2	7	0	0	0	0	
64068	2	7	0	0	0	0	
64069	2	0	0	0	0	0	
64070	7	0	0	0	0	0	
64071	0	0	0	0	0	0	
64072	0	0	0	0	0	0	
64073	0	0	0	0	0	0	
64074	7	0	0	0	0	0	
64075	2	3	0	0	0	0	
64076	2	0	0	0	0	0	
64077	7	0	0	0	0	0	
64078	7	0	0	0	0	0	
64079	7	0	0	0	0	0	
64080	2	0	0	0	0	0	
64081	0	0	0	0	0	0	
64082	7	0	0	0	0	0	
64083	7	0	0	0	0	0	
64084	2	0	0	0	0	0	
64085	0	0	0	0	0	0	
64086	2	0	0	0	0	0	
64087	0	0	0	0	0	0	
64088	7	0	0	0	0	0	
64089	7	0	0	0	0	0	
64090	2	0	0	0	0	0	
64091	7	0	0	0	0	0	
64092	2	0	0	0	0	0	
64093	7	0	0	0	0	0	
64094	0	0	0	0	0	0	
64095	2	0	0	0	0	0	
64096	7	0	0	0	0	0	
64097	2	7	0	0	0	0	
64098	2	7	0	0	0	0	
64099	7	0	0	0	0	0	
64100	2	7	0	0	0	0	
64101	0	0	0	0	0	0	
64102	7	0	0	0	0	0	
64103	2	7	0	0	0	0	
64104	2	7	0	0	0	0	
64105	0	0	0	0	0	0	
64106	7	0	0	0	0	0	
64107	0	0	0	0	0	0	
64108	2	0	0	0	0	0	
64109	7	0	0	0	0	0	
64110	2	0	0	0	0	0	
64111	0	0	0	0	0	0	
64112	2	0	0	0	0	0	
64113	7	0	0	0	0	0	
64114	2	7	0	0	0	0	
64115	7	0	0	0	0	0	
64116	7	0	0	0	0	0	
64117	7	0	0	0	0	0	
64118	0	0	0	0	0	0	
64119	7	0	0	0	0	0	
64120	0	0	0	0	0	0	
64121	2	0	0	0	0	0	
64122	0	0	0	0	0	0	
64123	2	7	0	0	0	0	
64124	7	0	0	0	0	0	
64125	7	0	0	0	0	0	
64126	0	0	0	0	0	0	
64127	0	0	0	0	0	0	
64128	2	7	0	0	0	0	
64129	7	0	0	0	0	0	
64130	2	7	0	0	0	0	
64131	2	0	0	0	0	0	
64132	7	0	0	0	0	0	
64133	7	0	0	0	0	0	
64134	7	0	0	0	0	0	
64135	2	7	0	0	0	0	
64136	7	0	0	0	0	0	
64137	0	0	0	0	0	0	
64138	0	0	0	0	0	0	
64139	2	0	0	0	0	0	
64140	0	0	0	0	0	0	
64141	7	0	0	0	0	0	
64142	7	0	0	0	0	0	
64143	0	0	0	0	0	0	
64144	0	0	0	0	0	0	
64145	7	0	0	0	0	0	
64146	0	0	0	0	0	0	
64147	0	0	0	0	0	0	
64148	0	0	0	0	0	0	
64149	0	0	0	0	0	0	
64150	0	0	0	0	0	0	
64151	0	0	0	0	0	0	
64152	2	3	4	0	0	0	
64153	0	0	0	0	0	0	
64154	0	0	0	0	0	0	
64155	0	0	0	0	0	0	
64156	7	0	0	0	0	0	
64157	0	0	0	0	0	0	
64158	0	0	0	0	0	0	
64159	0	0	0	0	0	0	
64160	0	0	0	0	0	0	
64161	0	0	0	0	0	0	
64162	0	0	0	0	0	0	
64163	7	0	0	0	0	0	
64164	0	0	0	0	0	0	
64165	0	0	0	0	0	0	
64166	7	0	0	0	0	0	
64167	0	0	0	0	0	0	
64168	0	0	0	0	0	0	
64169	0	0	0	0	0	0	
64170	0	0	0	0	0	0	
64171	2	7	0	0	0	0	
64172	7	0	0	0	0	0	
64173	0	0	0	0	0	0	
64174	0	0	0	0	0	0	
64175	0	0	0	0	0	0	
64176	0	0	0	0	0	0	
64177	7	0	0	0	0	0	
64178	0	0	0	0	0	0	
64179	7	0	0	0	0	0	
64180	0	0	0	0	0	0	
